# # 0th column LD, nth column infidelity for pure motion (n-1)
1.000000000000000021e-02 7.758519426543659984e-16 3.705656520819287452e-15 1.041524019428799226e-14 2.391300383281815782e-14 4.805036204137853020e-14 8.749537209562121896e-14 1.477597693593871089e-13 2.352066216587573307e-13 3.569323522729960628e-13 5.210313249803543694e-13 7.362203970982125417e-13
1.015468992433080087e-02 9.062109504839531628e-16 4.218785552036959631e-15 1.180477485155030361e-14 2.706587111556627073e-14 5.435609681809487611e-14 9.895374581963886091e-14 1.670900848665718408e-13 2.659573995901221345e-13 4.035834669108602535e-13 5.891131840860974992e-13 8.324087014714755914e-13
1.031177274593055374e-02 1.053604775281178948e-15 4.798968477885141455e-15 1.337587928593998305e-14 3.063086450254383355e-14 6.148570843778960666e-14 1.119091445009310443e-13 1.889457707020956814e-13 3.007251704430915540e-13 4.563285929715472436e-13 6.660879451137371599e-13 9.411609480647347653e-13
1.047128548050899575e-02 1.220244721747205442e-15 5.454917390739264012e-15 1.515210377054383315e-14 3.466096940525310973e-14 6.954622194261460010e-14 1.265561480563145255e-13 2.136552284200634553e-13 3.400327534533438411e-13 5.159611035987655606e-13 7.531139572724567008e-13 1.064114036566228709e-12
1.063326571637161072e-02 1.408645903375848667e-15 6.196510831051374915e-15 1.716023527688208862e-14 3.921763220132474301e-14 7.865915432052865378e-14 1.431157018251546262e-13 2.415912434461977197e-13 3.844730257469816111e-13 5.833805945541156057e-13 8.515038421583848008e-13 1.203122387049933565e-12
1.079775162327709960e-02 1.621692706824056482e-15 7.035116095688741570e-15 1.943109546194233704e-14 4.436987962503867306e-14 8.896399467198055422e-14 1.618406373721660465e-13 2.731795587810671559e-13 4.347222851621539824e-13 6.596117260058875108e-13 9.627513836890897633e-13 1.360294815379876966e-12
1.096478196143185063e-02 1.862528762180293746e-15 7.983097300255580269e-15 2.199803872505083403e-14 5.019450680471054228e-14 1.006128239828839740e-13 1.830082135752879673e-13 3.088892175395905203e-13 4.915283924784622523e-13 7.457910325441428348e-13 1.088517842262932477e-12 1.537981119548197298e-12
1.113439609062361405e-02 2.134847463046458181e-15 9.054996698248081548e-15 2.490053867828074468e-14 5.678026708799034184e-14 1.137841226365871209e-13 2.069420461955767912e-13 3.492651470263797678e-13 5.557564961924565866e-13 8.432294874139437719e-13 1.230713983839350562e-12 1.738878320433500153e-12
1.130663397949638674e-02 2.442741524808151839e-15 1.026699130173306487e-14 2.818240953007108547e-14 6.422683779061066452e-14 1.286766298989916005e-13 2.340032716994537685e-13 3.949164122918276058e-13 6.283755274429538782e-13 9.533968199768887219e-13 1.391484566965278923e-12 1.966016595161258972e-12
1.148153621496882971e-02 2.790847237536109008e-15 1.163718951287960831e-14 3.189257154272568915e-14 7.264522432413953808e-14 1.455129483638196478e-13 2.645968494293157589e-13 4.465270126283154421e-13 7.104746128275879965e-13 1.077946728178880129e-12 1.573244222391060922e-12 2.222809169187992560e-12
1.165914401179831729e-02 3.184432288081791958e-15 1.318639058590861233e-14 3.608740613694914426e-14 8.216357106392072496e-14 1.645484733082627914e-13 2.991865561169356914e-13 5.048787124638016892e-13 8.032965718716033899e-13 1.218763391409756897e-12 1.778741398775215470e-12 2.513137072862120466e-12
1.183949922229301718e-02 3.629410847215767290e-15 1.493786620268810013e-14 4.082986689183938848e-14 9.292425082253547298e-14 1.860691821136858799e-13 3.382923130713751974e-13 5.708490879822628714e-13 9.082376673340856453e-13 1.377965918457075171e-12 2.011069270761929446e-12 2.841371840018364995e-12
1.202264434617413176e-02 4.132529717576116965e-15 1.691816986274933504e-14 4.619190331649904284e-14 1.050904171502750655e-13 2.104011602795550739e-13 3.825061951247905125e-13 6.454363727121219766e-13 1.026885207181752256e-12 1.557961394029850342e-12 2.273739074905214143e-12 3.212472282433282519e-12
1.220862254059071166e-02 4.701387387205088824e-15 1.915720220437056331e-14 5.225446291825920108e-14 1.188465949461386795e-13 2.379116654612785660e-13 4.324956662481488171e-13 7.297662224168088240e-13 1.161029264879455037e-12 1.761465160178164403e-12 2.570713177477928046e-12 3.632035743351885916e-12
1.239747763028944093e-02 5.344533477363022842e-15 2.168861285963674917e-14 5.910858405806641297e-14 1.343985446437147118e-13 2.690142105296674839e-13 4.890121562951675613e-13 8.251069950573768169e-13 1.312688512598158110e-12 1.991540325577527567e-12 2.906462167274918012e-12 4.106380040960265875e-12
1.258925411794167490e-02 6.071682418299662822e-15 2.455061935376113169e-14 6.685775708834969361e-14 1.519813265794727607e-13 3.041781077042981627e-13 5.529086556143716229e-13 9.328975318860808701e-13 1.484150845578144051e-12 2.251658043248260030e-12 3.286050858845930665e-12 4.642659042653975171e-12
1.278399719463023734e-02 6.893837133692640288e-15 2.778652578283583335e-14 7.561926464168679011e-14 1.718609586987370970e-13 3.439352651995117931e-13 6.251511742857466952e-13 1.054766543314088926e-12 1.678006672280247852e-12 2.545744322448641461e-12 3.715209758466474011e-12 5.248967790750273268e-12
1.298175275049848892e-02 7.823392133514430471e-15 3.144510286455489785e-14 8.552509421573538555e-14 1.943370010455090058e-13 3.888847717194434786e-13 7.068283400710028323e-13 1.192550881282170688e-12 1.897177644993761222e-12 2.878235581702943319e-12 4.200407684285800453e-12 5.934444175403168852e-12
1.318256738556407466e-02 8.874337924920736965e-15 3.558139969131568466e-14 9.672423258201185586e-14 2.197474483902800877e-13 4.397027566903401986e-13 7.991693510486933050e-13 1.348324546798840166e-12 2.144963651530408399e-12 3.254136795780252283e-12 4.748951482935806328e-12 6.709412861919597313e-12
1.338648842069993343e-02 1.006258591029536060e-14 4.025802518275388424e-14 1.093862180019266389e-13 2.484769837220194072e-13 4.971582282222146853e-13 9.035706040496138461e-13 1.524442149073596432e-12 2.425108182597292550e-12 3.679125714650483239e-12 5.369123775242068070e-12 7.585572040361721725e-12
1.359356390878525486e-02 1.140603591502871000e-14 4.554540674743603251e-14 1.237016807293580167e-13 2.809580639548877500e-13 5.621160858792019868e-13 1.021604204250606932e-12 1.723556173967959094e-12 2.741831471737303087e-12 4.159604327697784378e-12 6.070267317561061166e-12 8.576121510739733078e-12
1.380384264602885214e-02 1.292491718969872446e-14 5.152313144437556102e-14 1.398859915545984673e-13 3.176793912410742824e-13 6.355540619359432740e-13 1.155047197870573167e-12 1.948664824084671598e-12 3.099902882250976183e-12 4.702809096754755702e-12 6.862943051747676307e-12 9.695981204754834025e-12
1.401737418346770195e-02 1.464233412424710156e-14 5.828191303174320264e-14 1.581849444911947131e-13 3.591984300542161423e-13 7.185857934449719650e-13 1.305921222912701463e-12 2.203176172800622194e-12 3.504740222118414955e-12 5.316954455183782190e-12 7.759131024311400478e-12 1.096207025620017076e-11
1.423420883864341506e-02 1.658395650814824016e-14 6.592312716153183862e-14 1.788726638225505474e-13 4.061373229127685009e-13 8.124566693915393000e-13 1.476491067437539334e-12 2.490912702249370939e-12 3.962426413135332527e-12 6.011272057105422961e-12 8.772307834099415843e-12 1.239343063075599687e-11
1.445439770745927249e-02 1.877918001928067165e-14 7.456224054112158703e-14 2.022618183790102306e-13 4.592054373257070378e-13 9.185845856666502314e-13 1.669332281578011869e-12 2.816218164044819206e-12 4.479869090623712937e-12 6.796238654038750696e-12 9.917757653733551787e-12 1.401165159914995933e-11
1.467799267622069831e-02 2.126115573128815712e-14 8.432966065212104662e-14 2.287054487984100385e-13 5.192035499717844559e-13 1.038570941177535974e-12 1.887354214197749876e-12 3.183999560630030103e-12 5.064872347895449512e-12 7.683691654171872183e-12 1.121275112679417908e-11 1.584112979802421434e-11
1.490504643386196190e-02 2.406727501479764868e-14 9.537248954951745362e-14 2.586016326367991560e-13 5.870349687955414973e-13 1.174222204393647247e-12 2.133840038452698550e-12 3.599795998697982357e-12 5.726247333106424359e-12 8.686997929801703540e-12 1.267679366140814930e-11 1.790942045277990453e-11
1.513561248436207964e-02 2.723991996772205951e-14 1.078574544715150987e-13 2.924017614862113527e-13 6.637236105529971663e-13 1.327585771461937065e-12 2.412509046549515881e-12 4.069880090031634804e-12 6.473969463732006179e-12 9.821288222955748560e-12 1.433196130078671358e-11 2.024770498672282817e-11
1.536974515935271741e-02 3.082691291605209836e-14 1.219727193216512368e-13 3.306148632466346796e-13 7.504245231205009868e-13 1.500971721753871859e-12 2.727558934911738469e-12 4.601333379343382895e-12 7.319303114785482163e-12 1.110364953688782453e-11 1.620318630343936249e-11 2.289120512405806562e-11
1.560749963092111434e-02 3.488244959740626274e-14 1.379313839892161348e-13 3.738181909951273087e-13 8.484469903024569792e-13 1.696997307314638599e-12 3.083744418468513296e-12 5.202174366982296991e-12 8.274999333587818800e-12 1.255342233465478119e-11 1.831868540946728077e-11 2.587977474299485257e-11
1.584893192461113431e-02 3.946759118924177315e-14 1.559736689806360324e-13 4.226615158340311812e-13 9.592654303807151663e-13 1.918612053506150442e-12 3.486425683981384158e-12 5.881447260548349518e-12 9.355445362280948432e-12 1.419243287295028803e-11 2.071030719754656133e-11 2.925840774359609477e-11
1.609409893262535307e-02 4.465160788015621833e-14 1.763720242656058558e-13 4.778825074451890587e-13 1.084552961279473147e-12 2.169160949380802160e-12 3.941679534156863482e-12 6.649399597875480393e-12 1.057693756858329602e-11 1.604539672528883143e-11 2.341410907620402050e-11 3.307803297766592866e-11
1.634305842723137586e-02 5.051268601470989554e-14 1.994340015995481666e-13 5.403134207968339914e-13 1.226197985519547673e-12 2.452419805460609843e-12 4.456366142953721045e-12 7.517603126817379200e-12 1.195788000272713444e-11 1.814023140394133401e-11 2.647082518977713801e-11 3.739618730466924157e-11
1.659586907437560557e-02 5.713915619613490072e-14 2.255069722736340682e-13 6.108942792530409848e-13 1.386333000415186230e-12 2.772653915599769823e-12 5.038236007023289941e-12 8.499132803951310879e-12 1.351906979430312307e-11 2.050848455116177969e-11 2.992648379022218202e-11 4.227789275324992970e-11
1.685259044750751084e-02 6.463104964268057951e-14 2.549843574545703877e-13 6.906900190858885109e-13 1.567373597126244571e-12 3.134692669138802727e-12 5.696063355158128037e-12 9.608786678720330021e-12 1.528403917320416252e-11 2.318584840615746835e-11 3.383316084291801734e-11 4.779669980178742782e-11
1.711328304161780986e-02 7.310134596651049079e-14 2.883104990469272301e-13 7.809030296974969671e-13 1.772047745734172653e-12 3.543991387918670238e-12 6.439759131823075131e-12 1.086328222209636563e-11 1.727937746728562070e-11 2.621265284709666130e-11 3.824969491759994649e-11 5.403572162211060928e-11
1.737800828749375484e-02 8.267778349150582894e-14 3.259876811680024722e-13 8.828926693820554642e-13 2.003439062208437472e-12 4.006715988488412798e-12 7.280527223852745213e-12 1.228151740457560819e-11 1.953514101098214829e-11 2.963448785023494802e-11 4.324260198625624577e-11 6.108891035650959341e-11
1.764682856619499696e-02 9.350491218598849072e-14 3.685843821077435684e-13 9.981975129889236254e-13 2.265037485474191840e-12 4.529844146763019297e-12 8.231043553271202118e-12 1.388487055556450729e-11 2.208532596747032883e-11 3.350291527739999758e-11 4.888710342089330951e-11 6.906250812214192100e-11
1.791980722375334165e-02 1.057458556766892128e-13 4.167419910597271715e-13 1.128552891600763359e-12 2.560780365937114500e-12 5.121250025412202747e-12 9.305615798887200227e-12 1.569747747972027388e-11 2.496832089616589073e-11 3.787616592821950188e-11 5.526816165843239911e-11 7.807652822912511590e-11
1.819700858609983596e-02 1.195852914459361472e-13 4.711866836397702657e-13 1.275924038337909715e-12 2.895125186188472476e-12 5.789846073626517654e-12 1.052043667012176742e-11 1.774664835265869982e-11 2.822755839562867845e-11 4.282011431427500989e-11 6.248187929084184029e-11 8.826670307785807711e-11
1.847849797422290719e-02 1.352320437432178296e-13 5.327395318707630442e-13 1.442533081969372963e-12 3.273112188786356351e-12 6.545710218900810121e-12 1.189381344077144616e-11 2.006326007185036635e-11 3.191213977509627732e-11 4.840923005469141032e-11 7.063689690017681296e-11 9.978647383597034837e-11
1.876434171956085570e-02 1.529219297342461523e-13 6.023276706583667489e-13 1.630888349426591763e-12 3.700431942670450063e-12 7.400221212067203229e-12 1.344643098494665930e-11 2.268218806804254510e-11 3.607753201177700659e-11 5.472764456551347537e-11 7.985595708834630965e-11 1.128092085121876287e-10
1.905460717963247327e-02 1.729217362698787818e-13 6.809999572820718985e-13 1.843827991215101058e-12 4.183522235951797399e-12 8.366251839777109552e-12 1.520165866809870463e-11 2.564287535059241523e-11 4.078646171884918276e-11 6.187049570592447485e-11 9.027785361821474886e-11 1.275309345959749274e-10
1.934936275390952004e-02 1.955330747706734232e-13 7.699421052711047020e-13 2.084560445492311172e-12 4.729660762152682188e-12 9.458353151293227198e-12 1.718594023630830447e-11 2.898990901361756811e-11 4.610983470646258231e-11 6.994532197602954886e-11 1.020594688351277220e-10 1.441732226683977786e-10
1.964867789993467867e-02 2.210967687863934879e-13 8.704940147737929363e-13 2.356710880291368620e-12 5.347070847437217799e-12 1.069296782905085914e-11 1.942915056155454365e-11 3.277367733689637851e-11 5.212778194275531245e-11 7.907366322227111377e-11 1.153781100112116846e-10 1.629864958222602032e-10
1.995262314968879874e-02 2.499984325599939284e-13 9.841712165733371579e-13 2.664379994107428256e-12 6.045053225651441304e-12 1.208869291092698997e-11 2.196507314977475527e-11 3.705115821043313899e-11 5.893091594407908395e-11 8.939293526714676328e-11 1.304342415283642735e-10 1.842538680454262199e-10
2.026127012621143156e-02 2.826737607488698485e-13 1.112686354817691628e-12 3.012201228702894943e-12 6.834118305069293780e-12 1.366654268721096296e-11 2.483188760684204438e-11 4.188674282990423724e-11 6.662163489695111115e-11 1.010584438094590796e-10 1.474542959190662614e-10 2.082953080345704884e-10
2.057469156047839892e-02 3.196151212549881617e-13 1.257975472495933112e-12 3.405412476032476038e-12 7.726146697036180225e-12 1.545027164021327630e-11 2.807274939255567536e-11 4.735321832908011269e-11 7.531568654042001841e-11 1.142457349596099143e-10 1.666946014100246747e-10 2.354724799627171595e-10
2.089296130854039618e-02 3.613799360400673005e-13 1.422227651932484899e-12 3.849936389796498128e-12 8.734571395721391328e-12 1.746673771642696952e-11 3.173645108866700681e-11 5.353287327688143538e-11 8.514392702380969738e-11 1.291532583208693516e-10 1.884445266008475692e-10 2.661942134786198431e-10
2.121615436892684489e-02 4.085974913518027815e-13 1.607916686062537997e-12 4.352464899679000826e-12 9.874571473073176914e-12 1.974629002258473225e-11 3.587812970164256032e-11 6.051870044619993798e-11 9.625423417359177942e-11 1.460052888239648855e-10 2.130305427265183957e-10 3.009225328636589359e-10
2.154434690031884619e-02 4.619795781950665754e-13 1.817839652019210537e-12 4.920564704067793620e-12 1.116330864477750357e-11 2.232324191680198744e-11 4.056012040547725243e-11 6.841582862795554835e-11 1.088137827602059269e-10 1.650553531981170422e-10 2.408238087069970368e-10 3.401797127972784440e-10
2.187761623949553008e-02 5.223309205487303762e-13 2.055158602120323110e-12 5.562789833528813998e-12 1.262017359526388127e-11 2.523638110700540531e-11 4.585288852265684418e-11 7.734309337116052577e-11 1.230115372421125073e-10 1.865900240890897686e-10 2.722416941656286912e-10 3.845560612437121549e-10
2.221604091955811655e-02 5.905609661091564380e-13 2.323446781456114708e-12 6.288805529585277393e-12 1.426710750696584177e-11 2.852953826510250593e-11 5.183606017132790298e-11 8.743478934820822592e-11 1.390610531747284784e-10 2.109331577496921379e-10 3.077566040837987305e-10 4.347187069644120881e-10
2.255970068843575829e-02 6.676983649468518863e-13 2.626745647201533486e-12 7.109543989197843840e-12 1.612889419824303440e-11 3.225228068572182863e-11 5.859969399653521282e-11 9.884276359625270102e-11 1.572037763380543370e-10 2.384509010508158354e-10 3.479026073563372275e-10 4.914218040933172196e-10
2.290867652767773419e-02 7.549053468605825016e-13 2.969620963525375766e-12 8.037354413125874821e-12 1.823354203914075903e-11 3.646060590597758206e-11 6.624549095179421980e-11 1.117385837670696910e-10 1.777125260678960934e-10 2.695569799129080007e-10 3.932831810462325257e-10 5.555175537516854286e-10
2.326305067153626102e-02 8.534961782305703023e-13 3.357235445287763429e-12 9.086200607842995514e-12 2.061271929824430253e-11 4.121782846904064372e-11 7.488847935087464214e-11 1.263162106337985608e-10 2.008957129892784978e-10 3.047190821110325397e-10 4.445804907096011694e-10 6.279689364581239627e-10
2.362290662634461760e-02 9.649566105052957797e-13 3.795425038990791184e-12 1.027186648925681765e-11 2.330222150538879987e-11 4.659551197561342952e-11 8.465866065546322648e-11 1.427948779119023862e-10 2.271019238307003192e-10 3.444658148594568134e-10 5.025655373470058906e-10 7.098651948797458772e-10
2.398832919019489723e-02 1.090966071803642949e-12 4.290785867995696478e-12 1.161219150997770385e-11 2.634250553866746411e-11 5.267453646971579558e-11 9.570295889704258550e-11 1.614223578521172714e-10 2.567251359963821560e-10 3.893945888305860355e-10 5.681096801404255278e-10 8.024364416602809788e-10
2.435940447292027008e-02 1.233422947658259658e-12 4.850773358855500242e-12 1.312733714492450544e-11 2.977929337719469389e-11 5.954631396345960222e-11 1.081874318726172948e-10 1.824786835823518195e-10 2.902106056680364190e-10 4.401805886444060370e-10 6.421976848366384894e-10 9.070731771976403514e-10
2.473621991638621370e-02 1.394473747767735137e-12 5.483816842065562145e-12 1.484009933949465251e-11 3.366427945436217907e-11 6.731418613547345410e-11 1.222997977531058256e-10 2.062804094596168919e-10 3.280616422221210589e-10 4.975869998208397210e-10 7.259426362190882711e-10 1.025347021621591371e-09
2.511886431509579437e-02 1.576544616259297890e-12 6.199442377908160890e-12 1.677623728744959415e-11 3.805587874586431311e-11 7.609493440587573297e-11 1.382521936707841849e-10 2.331852660711486404e-10 3.708470294729847451e-10 5.624762745932462971e-10 8.206023496618134765e-10 1.159034001053782514e-09
2.550742783711359291e-02 1.782378383089892423e-12 7.008418223911489206e-12 1.896486857137178402e-11 4.302011841593413619e-11 8.602055674796072564e-11 1.562843886214065124e-10 2.635975763373460669e-10 4.192096217682102347e-10 6.358231655414911628e-10 9.275985011739383645e-10 1.310141655911464544e-09
2.590200204531323963e-02 2.015074903368909752e-12 7.922916488469760137e-12 2.143890533294315340e-11 4.863162966789349977e-11 9.724024601985793583e-11 1.766673867524695036e-10 2.979743246294346550e-10 4.738759713746109742e-10 7.187293129924928384e-10 1.048537680848233377e-09 1.480937577749822058e-09
2.630267991895381477e-02 2.278139108268363016e-12 8.956694389534976575e-12 2.423554327674983134e-11 5.497475544845462194e-11 1.099226120564608952e-10 1.997074560248134856e-10 3.368319563540130684e-10 5.356671766161049500e-10 8.124396846832981670e-10 1.185235499867210986e-09 1.673985485375853680e-09
2.670955587558985350e-02 2.575532928013208647e-12 1.012530302757038965e-11 2.739682665186246721e-11 6.214482984715688913e-11 1.242582288919166758e-10 2.257507598166251686e-10 3.807541730831800953e-10 6.055112611771848619e-10 9.183613067158171704e-10 1.339743862757759155e-09 1.892182237541026157e-09
2.712272579332028130e-02 2.911734799566976703e-12 1.144631898470466900e-11 3.097027347396808033e-11 7.024959628842318663e-11 1.404624755989789681e-10 2.551885071259157825e-10 4.304006355318416875e-10 6.844569150750544820e-10 1.038084243380242000e-09 1.514381540460569958e-09 2.138801398809247999e-09
2.754228703338166065e-02 3.291807004101837369e-12 1.293960792816372840e-11 3.500958669852118946e-11 7.941081990363583222e-11 1.587787616449934837e-10 2.884628361605975946e-10 4.865168299315908542e-10 7.736893476518151274e-10 1.173405388742250913e-09 1.711768869952863015e-09 2.417542171420478241e-09
2.796833846309077637e-02 3.721472076795229398e-12 1.462762449099859553e-11 3.957546487304100434e-11 8.976612331497522478e-11 1.794821852765568758e-10 3.260733940766284345e-10 5.499452764003803724e-10 8.745479583937721617e-10 1.326355402892412933e-09 1.934867002845858064e-09 2.732584754155580399e-09
2.840098047914215232e-02 4.207198696790469897e-12 1.653574810038132361e-11 4.473650985137920603e-11 1.014710423463492791e-10 2.028836499368825797e-10 3.685848696663892334e-10 6.216381103480132814e-10 9.885463923814258009e-10 1.499229053710897570e-09 2.187022127732414982e-09 3.088652778363873203e-09
2.884031503126605750e-02 4.756298805374191584e-12 1.869266315844145231e-11 5.057025118504142979e-11 1.147013527581427814e-10 2.293344895717945159e-10 4.166354432584787499e-10 7.026713188250975780e-10 1.117395146973176146e-09 1.694619506360610006e-09 2.472015435473399955e-09 3.491083784633879636e-09
2.928644564625237229e-02 5.377037413021369757e-12 2.113078953338254978e-11 5.716430960753594432e-11 1.296557014399075368e-10 2.592318100468950829e-10 4.709462834549328121e-10 7.942608383443806583e-10 1.263027158889079579e-09 1.915457068000284146e-09 2.794119619412383122e-09 3.945908934181650767e-09
2.973947745234606366e-02 6.078756827702265397e-12 2.388676866081578237e-11 6.461770993878474608e-11 1.465585842273774158e-10 2.930243187191045134e-10 5.323323710737491653e-10 8.977807500018414145e-10 1.427626710253916103e-09 2.165052994145894542e-09 3.158162701958718002e-09 4.459943039450635548e-09
3.019951720402016052e-02 6.872017283123414525e-12 2.700201292201006686e-11 7.304236300187870922e-11 1.656637010862435151e-10 3.312191062599439458e-10 6.017146851781957638e-10 1.014783811576673766e-09 1.613662057994349917e-09 2.447148937351423519e-09 3.569600065292749495e-09 5.040882670388633204e-09
3.066667330713183579e-02 7.768756172668043277e-12 3.052332635151470752e-11 8.256474133435844983e-11 1.872577563850310217e-10 3.743892168725821771e-10 6.801339716077122829e-10 1.147024666044396415e-09 1.823922314133687042e-09 2.765972831945456945e-09 4.034595904920380933e-09 5.697435004584553608e-09
3.114105584446759736e-02 8.782464931521682322e-12 3.450360375300416960e-11 9.332776593292909924e-11 2.116647318950202471e-10 4.231822008405691604e-10 7.687662631568123959e-10 1.296486021121588038e-09 2.061559042459771196e-09 3.126301891328820357e-09 4.560115077086432243e-09 6.439426672579510438e-09
3.162277660168379134e-02 9.928394986790892470e-12 3.900263076941756345e-11 1.054929562114681575e-10 2.392507561305634008e-10 4.783298202221678561e-10 8.689405106277854143e-10 1.465408336780898286e-09 2.330133401033242000e-09 3.533534054522539633e-09 5.154027110179042814e-09 7.277964145851904337e-09
3.211194909364823574e-02 1.122378230380862568e-11 4.408796019627736251e-11 1.192428318880246120e-10 2.704295471931270215e-10 5.406589494050156531e-10 9.821583784693075170e-10 1.656323184690863938e-09 2.633669159923411395e-09 3.993768331048778326e-09 5.825223335461989822e-09 8.225595507816743073e-09
3.260868859118933732e-02 1.268811111387241379e-11 4.983594779091522341e-11 1.347836513014740583e-10 3.056686183812072255e-10 6.111039484154930473e-10 1.110116691318329677e-09 1.872091092868834822e-09 2.976712884833297134e-09 4.513895856401503420e-09 6.583749497873221020e-09 9.296497463274129508e-09
3.311311214825911342e-02 1.434340290709326491e-11 5.633287840767957880e-11 1.523484868974419164e-10 3.454962377651298285e-10 6.907205888698234507e-10 1.254732725075682589e-09 2.115944170488846992e-09 3.364401518643400461e-09 5.101702432136957151e-09 7.440955192526795435e-09 1.050668615732980731e-08
3.362533862951628399e-02 1.621454829791297489e-11 6.367626370248552754e-11 1.722007166126833063e-10 3.905093422853313759e-10 7.807018496806118891e-10 1.418172877344386980e-09 2.391534373210626832e-09 3.802539175952983336e-09 5.765984714112182903e-09 8.409663084866958010e-09 1.187425568021463857e-08
3.414548873833600506e-02 1.832967932773542602e-11 7.197629563332833519e-11 1.946379407284923943e-10 4.413824122259538468e-10 8.823956517165323597e-10 1.602884876308155795e-09 2.702987836338258664e-09 4.297683379087440444e-09 6.516680941535412580e-09 9.504359340777654003e-09 1.341964672724896250e-08
3.467368504525316503e-02 2.072059243977245947e-11 8.135749910663772185e-11 2.199964450457879617e-10 4.988775710412239034e-10 9.973250276107124745e-10 1.811634369717948685e-09 3.054966477471803814e-09 4.857242944175177532e-09 7.365019092972259858e-09 1.074140943695333252e-08 1.516595069749862646e-08
3.521005201684521135e-02 2.342322489007632270e-11 9.196059210878659766e-11 2.486562095663280946e-10 5.638559312690368385e-10 1.127210803687020398e-09 2.047546104298886620e-09 3.452737405583432541e-09 5.489588193398427980e-09 8.323683841925681521e-09 1.213930133470349618e-08 1.713925267830443058e-08
3.575471604506212653e-02 2.647819381385612795e-11 1.039445854892204723e-10 2.810465735041858999e-10 6.372904295700433371e-10 1.273997214637511926e-09 2.314150436604442003e-09 3.902251254031721968e-09 6.204175421765397651e-09 9.407005093214749368e-09 1.371892007010782312e-08 1.936901849096315491e-08
3.630780547701013827e-02 2.993140084140321484e-11 1.174891627847128179e-10 3.176526513525468022e-10 7.202803455276138500e-10 1.439880912435358809e-09 2.615435964379424220e-09 4.410230905399789810e-09 7.011687717584403055e-09 1.063117117140140923e-08 1.550385811601182494e-08 2.188853218232585496e-08
3.686945064519575599e-02 3.383473117512583751e-11 1.327973581192415325e-10 3.590225427956942396e-10 8.140676400707660196e-10 1.627343614809385080e-09 2.955908920798667002e-09 4.984271270283575160e-09 7.924193568252423474e-09 1.201446900108800210e-08 1.752076537638975385e-08 2.473538931289965615e-08
3.743978389823810621e-02 3.824682049347753898e-11 1.500985956773922921e-10 4.057755351164259631e-10 9.200555134343255672e-10 1.839189148296255547e-09 3.340659875076066167e-09 5.632952545487128872e-09 8.955326519994161074e-09 1.357755616611901136e-08 1.979974500673011358e-08 2.795205491750113706e-08
3.801893963205612431e-02 4.323392857817150026e-11 1.696520999465064891e-10 4.586112823871762937e-10 1.039829192595758757e-09 2.078584986461568016e-09 3.775439941401836720e-09 6.365967318296874559e-09 1.012048720312076262e-08 1.534376677427996373e-08 2.237479907974649990e-08 3.158649149811369592e-08
3.860705432153813121e-02 4.887094743243772535e-11 1.917507784240660126e-10 5.183202689916251518e-10 1.175179625291510601e-09 2.349109546684297623e-09 4.266746018792059081e-09 7.194264980836039909e-09 1.143707249073254971e-08 1.733945836704869566e-08 2.528433329815895271e-08 3.569287038038822177e-08
3.920426655270151800e-02 5.524251177803355692e-11 2.167255760762915299e-10 5.857955407214354649e-10 1.328130019836424754e-09 2.654805229617971500e-09 4.821917233078297743e-09 8.130213952738196344e-09 1.292473318446697837e-08 1.959440203168704833e-08 2.857172524081901182e-08 4.033237218789641167e-08
3.981071705534973415e-02 6.244426282841460879e-11 2.449504182651800814e-10 6.620460136156703714e-10 1.500966037541577423e-09 3.000238569688599184e-09 5.449244064570364361e-09 9.187785498874917305e-09 1.460566574655976945e-08 2.214222401202387020e-08 3.228596692171710396e-08 4.557409238645466402e-08
4.042654873623443418e-02 7.058429554031917885e-11 2.768477710040430698e-10 7.482114442210710759e-10 1.696269488878101531e-09 3.390567923378361593e-09 6.158091216673597636e-09 1.038276068316245992e-08 1.650494094232493000e-08 2.502090476009948296e-08 3.648238902525694452e-08 5.149606152909552029e-08
4.105190671273078323e-02 7.978475249567655465e-11 3.128949449316954540e-10 8.455794088058873907e-10 1.916957016315780490e-09 3.831620175024265450e-09 6.959036698775083417e-09 1.173296456497722932e-08 1.865087557086713502e-08 2.827333517062796666e-08 4.122347960042460037e-08 5.818639830138865289e-08
4.168693834703354750e-02 9.018366484220129577e-11 3.536311912264386445e-10 9.556044026950715283e-10 2.166323144277362062e-09 4.329976896085802659e-09 7.864028385460801151e-09 1.325853011903268862e-08 2.107545138028855078e-08 3.194796007793639790e-08 4.657980678282443714e-08 6.574460964488973399e-08
4.233179328088208793e-02 1.019370199523832553e-10 3.996657332067989403e-10 1.079929444069372099e-09 2.448089228603463583e-09 4.893072504852930008e-09 8.886561746173805465e-09 1.498219645699631547e-08 2.381478852071647928e-08 3.609948828719305341e-08 5.263106110864141809e-08 7.428305832251209879e-08
4.298662347082276430e-02 1.152210685463214780e-10 4.516868216820348297e-10 1.220410453184819548e-09 2.766458605009917760e-09 5.529303749834113353e-09 1.004187879262473120e-08 1.692964526487578152e-08 2.690967932858112447e-08 4.078970214069612408e-08 5.946723113381479100e-08 8.392862100939035113e-08
4.365158322401661156e-02 1.302349699398941991e-10 5.104719690735366038e-10 1.379143781532059616e-09 3.126178882059920877e-09 6.248154303356528013e-09 1.134719356456496673e-08 1.912988061634361146e-08 3.040619131579626866e-08 4.608836956144932120e-08 6.718993030983381834e-08 9.482454483287862038e-08
4.432682923460088548e-02 1.472037896298612554e-10 5.768995006433112759e-10 1.558497280130913147e-09 3.532612208991118812e-09 7.060335175463306089e-09 1.282194816140082172e-08 2.161565765123205974e-08 3.435634729692227924e-08 5.207427313858449447e-08 7.591389415357660244e-08 1.071325815545333719e-07
4.501252062061336656e-02 1.663818338200009851e-10 6.519616034955036416e-10 1.761145390586009283e-09 3.991814694336198331e-09 7.977943094474974912e-09 1.448809862785228504e-08 2.442396646545499054e-08 3.881889331617065880e-08 5.883637175285793891e-08 8.576866960344664902e-08 1.210353315281212917e-07
4.570881896148751983e-02 1.880564376968800717e-10 7.367790450121468360e-10 1.990108719796077595e-09 4.510625880980727683e-09 9.014639248831769485e-09 1.637043983702449660e-08 2.759657797034786471e-08 4.386016640532347347e-08 6.647511054850172380e-08 9.690052048060192275e-08 1.367389533152952092e-07
4.641588833612779463e-02 2.125522685191790030e-10 8.326178148398410330e-10 2.248798770785401819e-09 5.096769969286177914e-09 1.018585121236194615e-08 1.849697165230703835e-08 3.118066021189734599e-08 4.955506553919925749e-08 7.510389992533369160e-08 1.094745781999019961e-07 1.544761779187946835e-07
4.713389536157405052e-02 2.402361572731333972e-10 9.409078774780411632e-10 2.541068352045816680e-09 5.758969771137183532e-09 1.150900049856119296e-08 2.089931167215016467e-08 3.522947342063869828e-08 5.598816449153497702e-08 8.485078297606512884e-08 1.236772662764111384e-07 1.745097231281952006e-07
4.786300923226385201e-02 2.715225773110428560e-10 1.063264374709411715e-09 2.871268527526073206e-09 6.507075522841241876e-09 1.300375964441291823e-08 2.361316149705887788e-08 3.980315460986284712e-08 6.325494961238976610e-08 9.586031741109997438e-08 1.397190365738471203e-07 1.971361435603404470e-07
4.860340175990218725e-02 3.068797852714172455e-10 1.201511544232198834e-09 3.244312884739265089e-09 7.352210220083703167e-09 1.469234218490945295e-08 2.667883262612635715e-08 4.496960265672984045e-08 7.146322557330773051e-08 1.082956985195767022e-07 1.578374551753448416e-07 2.226901721438440412e-07
4.935524741394806125e-02 3.468368455464940057e-10 1.357709717279721691e-09 3.665750033609581699e-09 8.306933504742734191e-09 1.659982986384550719e-08 3.014183980274445100e-08 5.080547698300392045e-08 8.073469889105893159e-08 1.223411530311048192e-07 1.783006823034315679e-07 2.515496145245681679e-07
5.011872336272724798e-02 3.919914618621577300e-10 1.534185793683436214e-09 4.141845438574267853e-09 9.385426692595098705e-09 1.875454174340119333e-08 3.405357030985560760e-08 5.739732384050601058e-08 9.120676443948338376e-08 1.382046399044915594e-07 2.014113969459670671e-07 2.841408696436663495e-07
5.089400951518088800e-02 4.430188818913883936e-10 1.733567639569302227e-09 4.679673738457003698e-09 1.060370144774089049e-08 2.118845077805532747e-08 3.847203967902883709e-08 6.484284730369025089e-08 1.030345204472850536e-07 1.561208957918149374e-07 2.275112228158961380e-07 3.209451526829096349e-07
5.168128856326035386e-02 5.006819760779400851e-10 1.958822907959224662e-09 5.287222938409153564e-09 1.197983533830649347e-08 2.393765342757618764e-08 4.346274303371954547e-08 7.325234270489902827e-08 1.163930414380101655e-07 1.763548699669554165e-07 2.569857184407851512e-07 3.625055116948812163e-07
5.248074602497728586e-02 5.658425067717665620e-10 2.213302836861351295e-09 5.973511926625653691e-09 1.353423734912188592e-08 2.704290044564880984e-08 4.909961660718244547e-08 8.275031298191683292e-08 1.314799408145462468e-07 1.992055968398472300e-07 2.902700032537727937e-07 4.094347361277675699e-07
5.329257028812002528e-02 6.394739870063366403e-10 2.500791693588755643e-09 6.748723062987570219e-09 1.528994762613943653e-08 3.055019364482736032e-08 5.546612050992905473e-08 9.347729254254630559e-08 1.485182616809337574e-07 2.250105632439901751e-07 3.278551008314288389e-07 4.624242721323721578e-07
5.411695265464637472e-02 7.226760927749753556e-10 2.825562549548589649e-09 7.624351778958696355e-09 1.727297566987488851e-08 3.451146086676138173e-08 6.265646291117162906e-08 1.055919030527634316e-07 1.677597356613990921e-07 2.541506321464029206e-07 3.702950887580095692e-07 5.222542706759871233e-07
5.495408738576248314e-02 8.166910123000518464e-10 3.192440223597985378e-09 8.613375271457500624e-09 1.951268056223910398e-08 3.898531642013318200e-08 7.077697739608453908e-08 1.192731726326137570e-07 1.894884581003779599e-07 2.870555928891045199e-07 4.182151585345943697e-07 5.898049105594127166e-07
5.580417174769963795e-02 9.229218800810862958e-10 3.606872278170087265e-09 9.730442804926289666e-09 2.204220233278596507e-08 4.403791857191757971e-08 7.994767775383858586e-08 1.347231498174247709e-07 2.140250302754651882e-07 3.242104180707447181e-07 4.723206982475843698e-07 6.660691581132153743e-07
5.666740605819913651e-02 1.042953537682487512e-09 4.075009136314151710e-09 1.099209034764627240e-08 2.489894581679231179e-08 4.974393670965349217e-08 9.030401088425996163e-08 1.521698516075484973e-07 2.417312309058537702e-07 3.661623162282211972e-07 5.334075298150479704e-07 7.521671441785663053e-07
5.754399373371569398e-02 1.178576028909070961e-09 4.603794443294669696e-09 1.241698256547728364e-08 2.812512757983083828e-08 5.618764181378432458e-08 1.019988335475001954e-07 1.718705866019983838e-07 2.730152799460846818e-07 4.135286801947305458e-07 6.023734438452368758e-07 8.493623609540364106e-07
5.843414133735175264e-02 1.331811103973087153e-09 5.201067021288055119e-09 1.402618582857613448e-08 3.176839217152632534e-08 6.346413583294289008e-08 1.152046397020784311e-07 1.941157011351402321e-07 3.083377728961241030e-07 4.670060446258194343e-07 6.802311965067314731e-07 9.590798846461977681e-07
5.933805862753280952e-02 1.504942157827649881e-09 5.875675838963456043e-09 1.584347585105880637e-08 3.588250768340648693e-08 7.168073770355331235e-08 1.301160725755234926e-07 2.192328015120196454e-07 3.482183686913078324e-07 5.273801789946957894e-07 7.681231513429888599e-07 1.082927016972784939e-06
6.025595860743578058e-02 1.700547940839742395e-09 6.637609571606410953e-09 1.789568471171115428e-08 4.052814821034695902e-08 8.095854576795352224e-08 1.469527558208904040e-07 2.475915134464660817e-07 3.932433255742836107e-07 5.955374611292121223e-07 8.673377742146242338e-07 1.222716300130948757e-06
6.118805757518219063e-02 1.921540679172738008e-09 7.498143034684435452e-09 2.021309207900341476e-08 4.577377763561879294e-08 9.143419890056779885e-08 1.659624850481043509e-07 2.796088452978154536e-07 4.440739938213258258e-07 6.724776883754732691e-07 9.793282113012111008e-07 1.380491651081856261e-06
6.213457517480758252e-02 2.171209084568708804e-09 8.470001908700194381e-09 2.282986598141865834e-08 5.169664479096137319e-08 1.032618613644308174e-07 1.874248213392233661e-07 3.157552318035717148e-07 5.014563834213515105e-07 7.593285111911621633e-07 1.105733212793915558e-06 1.558557712315102305e-06
6.309573444801933051e-02 2.453266950613800696e-09 9.567548752194489616e-09 2.578455990399994363e-08 5.838390527953504191e-08 1.166154595879028574e-07 2.116551474488185146e-07 3.565613437724587496e-07 5.662319430568960660e-07 8.573616889258369530e-07 1.248400694930180836e-06 1.759512861640193232e-06
6.407176188675536843e-02 2.771907705684856131e-09 1.080699257402103269e-08 2.912067286554762949e-08 6.593388566818074242e-08 1.316912028387235037e-07 2.390092311603544382e-07 4.026257602617747096e-07 6.393497019887921083e-07 9.680113978434189050e-07 1.409414268545586087e-06 1.986286447284333300e-06
6.506288748655573995e-02 3.131866427147683428e-09 1.220662520264092567e-08 3.288728073313511868e-08 7.445750835451390677e-08 1.487104234780595046e-07 2.698883709732687091e-07 4.546236116865449267e-07 7.218799468516196493e-07 1.092894849294398584e-06 1.591123108706206382e-06 2.242180546932242185e-06
6.606934480075961347e-02 3.538489363057916214e-09 1.378708761280220761e-08 3.713974739355693396e-08 8.407989497447340360e-08 1.679227763695472357e-07 3.047451927996169446e-07 5.133163149020865051e-07 8.150296226893211482e-07 1.233835501900327070e-06 1.796175500094211361e-06 2.530917218890689212e-06
6.709137099554111916e-02 3.997812687225474574e-09 1.557167018384883813e-08 4.194052623479193389e-08 9.494217677518698461e-08 1.896098437161825313e-07 3.440901738517672245e-07 5.795625380603636753e-07 9.201596776259616313e-07 1.392889209794918574e-06 2.027556998982263393e-06 2.856691361310189401e-06
6.812920690579615801e-02 4.516651135624584952e-09 1.758665110249509788e-08 4.736006289426249373e-08 1.072035297477665592e-07 2.140891935855462705e-07 3.884989995512525757e-07 6.543305484238477556e-07 1.038804590292926478e-06 1.572373590796642630e-06 2.288632462561107457e-06 3.224230354625682671e-06
6.918309709189365830e-02 5.102698091176710888e-09 1.986167769631988431e-08 5.347781243334223825e-08 1.210434692074845731e-07 2.417189583099885438e-07 4.386208419868873773e-07 7.387121168772616753e-07 1.172694355674806767e-06 1.774901212610084686e-06 2.583194431774268494e-06 3.638861216492751178e-06
7.025328989730521279e-02 5.764638440733112536e-09 2.243019605331002291e-08 6.038338449604166674e-08 1.366644332029291569e-07 2.729029760390987340e-07 4.951876844000690585e-07 8.339381723670261007e-07 1.323779232466825248e-06 2.003416807556936273e-06 2.915516860103127997e-06 4.106585945461359301e-06
7.134003750712564207e-02 6.512275870872320460e-09 2.532993513038449456e-08 6.817783369460966599e-08 1.542946917677856667e-07 3.080965946196847967e-07 5.590248224968209358e-07 9.413964251219709984e-07 1.494257596613253286e-06 2.261239212931772656e-06 3.290415755926880155e-06 4.634166349920362537e-06
7.244359600749902817e-02 7.356676249936524143e-09 2.860345214338741475e-08 7.697511212601855297e-08 1.741916225872832076e-07 3.478131990217326945e-07 6.310626776927513062e-07 1.062651203847746916e-06 1.686607295047263136e-06 2.552108544675395021e-06 3.713317396961687841e-06 5.229219385216810962e-06
7.356422544596413760e-02 8.310329742058546348e-09 3.229874666279740692e-08 8.690370492613446248e-08 1.966453987634851770e-07 3.926315606575803010e-07 7.123501054060630486e-07 1.199465782385439463e-06 1.903620890642439386e-06 2.880239260683246928e-06 4.190335036374638404e-06 5.900324404090892648e-06
7.470218989273319510e-02 9.387333088871067622e-09 3.646995264223701645e-08 9.810847155476229191e-08 2.219831406930762535e-07 4.432041104728974668e-07 8.040693673167956225e-07 1.353827503462232856e-06 2.148445382676675274e-06 3.250379843989989747e-06 4.728355041487729387e-06 6.657143455166475802e-06
7.585775750291835762e-02 1.060359547319048603e-08 4.117811742043849563e-08 1.107527184490713471e-07 2.505735847997093529e-07 5.002662491790399657e-07 9.075529848245193628e-07 1.527976049938609771e-06 2.424626821080219773e-06 3.667879916265662625e-06 5.335133937091894323e-06 7.510556782094054394e-06
7.703120057972147328e-02 1.197707032709486135e-08 4.649207889952833898e-08 1.250205324573634218e-07 2.828323466811313657e-07 5.646468255258209947e-07 1.024302697326764582e-06 1.724435242777464120e-06 2.736160518064274856e-06 4.138765591471410565e-06 6.019407266600621972e-06 8.472814770737323133e-06
7.822279563860029539e-02 1.352801702558191295e-08 5.248945319323766606e-08 1.411194028932001177e-07 3.192278337637133416e-07 6.372799251344431263e-07 1.156010797083570301e-06 1.946048826602018465e-06 3.087547507232152824e-06 4.669824804358297834e-06 6.791012012377347910e-06 9.557708835970063591e-06
7.943282347242813790e-02 1.527929504029517919e-08 5.925774634047173433e-08 1.592831794344181038e-07 3.602879025234121167e-07 7.192181335750289176e-07 1.304584126080671826e-06 2.196020691670485035e-06 3.483858034048109173e-06 5.268701753663973837e-06 7.661024096312197030e-06 1.078076300250684548e-05
8.066156921766134968e-02 1.725669648784086303e-08 6.689560557668883168e-08 1.797753921343185136e-07 4.066073459772801085e-07 8.116474561433043973e-07 1.472171068666363297e-06 2.477960134433343589e-06 3.930802912172046892e-06 5.944004891340155966e-06 8.641912935298576808e-06 1.215944938988662783e-05
8.190932242152976217e-02 1.948932014452710042e-08 7.551422741955213442e-08 2.028929895116440071e-07 4.588563157834636480e-07 9.159040981970958104e-07 1.661191903540471430e-06 2.795932724000049873e-06 4.434813748836394831e-06 6.705426852666598617e-06 9.747714811978869722e-06 1.371342978012531587e-05
8.317637711026708291e-02 2.200999298938103015e-08 8.523894212621839235e-08 2.289705420825453978e-07 5.177897908225567248e-07 1.033493331905277035e-06 1.874372940603426370e-06 3.154517495025642307e-06 5.003133094563074881e-06 7.563879900545380003e-06 1.099422778254412708e-05 1.546482678578004006e-05
8.446303185839687533e-02 2.485574526237721605e-08 9.621099607906554842e-08 2.583849693887533289e-07 5.842582278020102271e-07 1.166110717873813123e-06 2.114784890828047649e-06 3.558871232176929691e-06 5.643915738441243598e-06 8.531647749860722768e-06 1.239923021422808345e-05 1.743852821884148791e-05
8.576958985908941790e-02 2.806834508664438097e-08 1.085895567512289804e-07 2.915608507403966983e-07 6.592195333982562533e-07 1.315665953945517903e-06 2.385885997565263437e-06 4.014800712069855780e-06 6.366342503900848395e-06 9.622556089781861651e-06 1.398272625946253975e-05 1.966252804664203878e-05
8.709635899560805306e-02 3.169490177508708554e-08 1.225539678665732689e-07 3.289764087690814761e-07 7.437525193874955555e-07 1.484309687287176579e-06 2.691570519901260510e-06 4.528843879383719672e-06 7.180748072004754842e-06 1.085216411971752670e-05 1.576722120772144163e-05 2.216830932685798016e-05
8.844365191385998581e-02 3.578854359313867296e-08 1.383062840156915424e-07 3.711702103525390584e-07 8.390720268592559496e-07 1.674463643489626714e-06 3.036223208243849936e-06 5.108361037213848807e-06 8.098764511173864504e-06 1.223797947121475688e-05 1.777803023797406266e-05 2.499127278354803706e-05
8.981178609606946250e-02 4.040918250306948363e-08 1.560741225303290134e-07 4.187487189783296939e-07 9.465459195552607837e-07 1.888854490295241921e-06 3.424780510315076817e-06 5.761637286452006397e-06 9.133482282622003171e-06 1.379969936219989914e-05 2.004362493360049507e-05 2.817121781395625179e-05
9.120108393559096804e-02 4.562437373450241849e-08 1.761138667919806777e-07 4.723947693071361038e-07 1.067714177627518676e-06 2.130551868249738218e-06 3.862799329590127955e-06 6.497997546591403139e-06 1.029963178181246258e-05 1.555948116435552231e-05 2.259602151478765092e-05 3.175288060275748573e-05
9.261187281287937278e-02 5.151028478281070460e-08 1.987142676160441286e-07 5.328770883401013201e-07 1.204310340453193204e-06 2.403011125074229018e-06 4.356534245557899258e-06 7.327935721696603337e-06 1.161378539848969882e-05 1.754224593392442552e-05 2.547121616061999628e-05 3.578653755241124060e-05
9.404448517263518104e-02 5.815278488666163711e-08 2.242004893148719610e-07 6.010609888444325503e-07 1.358285594961062032e-06 2.710121307389281520e-06 4.913024232475789453e-06 8.263259690820919172e-06 1.309458599431187729e-05 1.977601868130688295e-05 2.870967265594485951e-05 4.032868015663788381e-05
9.549925860214358853e-02 6.564867147617520710e-08 2.529386555829093653e-07 6.779203766349239451e-07 1.531835821953059150e-06 3.056259029061607033e-06 5.540190020298768558e-06 9.317254039648167785e-06 1.476300226143628506e-05 2.229230996077006616e-05 3.235686888329086439e-05 4.544277090074313970e-05
9.697653591082495972e-02 7.410705061102438134e-08 2.853409548621106159e-07 7.645512303394994497e-07 1.727431957887593288e-06 3.446348998111868076e-06 6.246943384015456763e-06 1.050486266701559408e-05 1.664261533890292702e-05 2.512654331744215990e-05 3.646390842618799202e-05 5.120008872261525761e-05
9.847666521101583470e-02 8.365088836531943696e-08 3.218713737868235827e-07 8.621867312723415471e-07 1.947854076621447193e-06 3.885931907218654936e-06 7.043309804557249807e-06 1.184289364180688512e-05 1.875994015428205299e-05 2.831853449504084338e-05 4.108820562388298915e-05 5.768067434431866308e-05
1.000000000000000056e-01 9.441875823911095785e-08 3.630521334888832437e-07 9.722142418280552538e-07 2.196229637660766246e-06 4.381240651899483611e-06 7.940566093721063452e-06 1.335024900260491639e-05 2.114478566182813644e-05 3.191302791230918025e-05 4.629425198471135713e-05 6.497438750097330352e-05
1.015468992433080642e-01 1.065668033376363630e-07 4.094709153103517175e-07 1.096194354395213969e-06 2.476076400270664552e-06 4.939285846556774224e-06 8.951394797722630109e-06 1.504818240082831509e-05 2.383065851680734801e-05 3.596029751367272291e-05 5.215447335298077695e-05 7.318208789598524080e-05
1.031177274593055443e-01 1.202709457710472803e-07 4.617889681542553635e-07 1.235882257801763491e-06 2.791350566682494792e-06 5.567951764326653841e-06 1.009005739825630032e-05 1.696058799692619067e-05 2.685521535045421799e-05 4.051681950202641597e-05 5.875018905872321734e-05 8.241695484594282399e-05
1.047128548050899610e-01 1.357293669843767339e-07 5.207502050429560618e-07 1.393251699101958713e-06 3.146500778755388570e-06 6.276103929056000838e-06 1.137258848493425396e-05 1.911432423929607745e-05 3.026076932457167368e-05 4.564602475911719743e-05 6.617268339544901136e-05 9.280596007840973428e-05
1.063326571637161627e-01 1.531652982181880948e-07 5.871914062646654208e-07 1.570521848185181616e-06 3.546528648900707308e-06 7.073709796375522837e-06 1.281701350234871872e-05 2.153957644760824949e-05 3.409485693730532514e-05 5.141914091988514631e-05 7.452440332959286181e-05 1.044915115480101278e-04
1.079775162327709925e-01 1.728301548284799306e-07 6.620536609649605976e-07 1.770187411270793657e-06 3.997056658442657227e-06 7.971974029183413754e-06 1.444359279181926539e-05 2.427026419574224161e-05 3.841087441399742658e-05 5.791613368937293240e-05 8.392029526061517495e-05 1.176332867940128445e-04
1.096478196143185063e-01 1.950070571302264076e-07 7.463951940509352641e-07 1.995052379278449708e-06 4.504404222749657918e-06 8.983490141626320055e-06 1.627509507214569830e-05 2.734449516215468486e-05 4.326878590728154068e-05 6.522675906402458266e-05 9.448929901923928346e-05 1.324102768217719271e-04
1.113439609062361335e-01 2.200147867840816105e-07 8.414057426475114523e-07 2.248267833556998942e-06 5.075672949919302200e-06 1.012241043984703901e-05 1.833710383147502812e-05 3.080507561360339874e-05 4.873591964183054286e-05 7.345173914808057682e-05 1.063760131383952240e-04 1.490230624942125767e-04
1.130663397949639298e-01 2.482122276553913746e-07 9.484226646993392473e-07 2.533374297803650887e-06 5.718842156003897431e-06 1.140463643109921017e-05 2.065836051341189653e-05 3.470008078455296660e-05 5.488785617815835721e-05 8.270407519456052518e-05 1.197425529105450325e-04 1.676963507089522239e-04
1.148153621496882937e-01 2.800033521304594346e-07 1.068948983310328695e-06 2.854349159743044042e-06 6.442875850696396641e-06 1.284803209142639734e-05 2.327114881997929715e-05 3.908349313397446972e-05 6.180942176183340194e-05 9.311051343450363403e-05 1.347706212871115051e-04 1.886817953123723877e-04
1.165914401179831694e-01 3.158428196904814690e-07 1.204673593343989725e-06 3.215659761087674703e-06 7.257842543485588794e-06 1.447266274387555636e-05 2.621172486516918721e-05 4.401591642500684193e-05 6.959579814575548803e-05 1.048131807078530063e-04 1.516638159551793330e-04 2.122611337786740578e-04
1.183949922229302204e-01 3.562422549695561468e-07 1.357493884476822979e-06 3.622322821643983178e-06 8.175049376693858941e-06 1.630106247889686488e-05 2.952079869991278214e-05 4.956537419012578820e-05 7.835376204043414559e-05 1.179714085435354810e-04 1.706501975591597333e-04 2.387496743594125096e-04
1.202264434617413141e-01 4.017772955882676871e-07 1.529541058259351109e-06 4.079970924189911446e-06 9.207192254285418529e-06 1.835853350233973078e-05 3.324407298788475414e-05 5.580820235014188294e-05 8.820306942122390552e-05 1.327637664246412161e-04 1.919851479469432561e-04 2.685001661014657735e-04
1.220862254059071200e-01 4.530954924427176052e-07 1.723208455711926471e-06 4.594926886533686825e-06 1.036852386132197498e-05 2.067348113246207775e-05 3.743284554811973804e-05 6.283004656755766435e-05 9.927799966660312298e-05 1.493903270249311737e-04 2.159545473039113921e-04 3.019070945022643256e-04
1.239747763028944683e-01 5.109251713609248572e-07 1.941183239530753405e-06 5.174286936578247154e-06 1.167504159711081059e-05 2.327778858715006917e-05 4.214468314496707670e-05 7.072697639874141380e-05 1.117290783205012079e-04 1.680751881612712923e-04 2.428783052172280932e-04 3.394114427964627654e-04
1.258925411794167559e-01 5.760853618891701092e-07 2.186481818731040314e-06 5.826013694289230955e-06 1.314469781102935426e-05 2.620723617603335566e-05 4.744417458722541574e-05 7.960672926878047855e-05 1.257249970745260160e-04 1.890692790444097461e-04 2.731142808510944706e-04 3.815059651867047305e-04
1.278399719463023665e-01 6.494969246004181910e-07 2.462489443812893775e-06 6.559040100927997009e-06 1.479763486552805744e-05 2.950197003458382775e-05 5.340377234882259631e-05 8.959009886152407079e-05 1.414547537033702008e-04 2.126534809261681504e-04 3.070626308837467013e-04 4.287410222227438345e-04
1.298175275049849586e-01 7.321950130038207211e-07 2.773004447870744894e-06 7.383385539312315936e-06 1.665644791503072332e-05 3.320702610926375381e-05 6.010473272005186803e-05 1.008124840321308739e-04 1.591300353542173592e-04 2.391420942483841842e-04 3.451706308385069782e-04 4.817310313628025455e-04
1.318256738556407293e-01 8.253430564139752552e-07 3.122287661303898667e-06 8.310285545592921636e-06 1.874647858679299143e-05 3.737291570462641759e-05 6.763816558410401004e-05 1.134256159346405906e-04 1.789878693511875269e-04 2.688866890918997256e-04 3.879380129147538998e-04 5.411615892840895880e-04
1.338648842069993239e-01 9.302483476214075579e-07 3.515117587848547840e-06 9.352336653200340327e-06 2.109614311683114985e-05 4.205627970961417256e-05 7.610620576580770557e-05 1.275994829535816090e-04 2.012935737591028766e-04 3.022803768405003051e-04 4.359228721556655502e-04 6.077973277427829810e-04
1.359356390878525556e-01 1.048379556862699615e-06 3.956851987042157438e-06 1.052365809035215474e-05 2.373729883696887625e-05 4.732061922238029513e-05 8.562332234429829742e-05 1.435244749710011048e-04 2.263440355517219531e-04 3.397625454065129392e-04 4.897481942066506805e-04 6.824905665425689411e-04
1.380384264602885214e-01 1.181386287133409963e-06 4.453496578784382033e-06 1.184007223479326437e-05 2.670565349714100657e-05 5.323711130336197252e-05 9.631777426369653888e-05 1.614137705931335549e-04 2.544713513979711427e-04 3.818241040938255277e-04 5.501090612441524507e-04 7.661908337470493000e-04
1.401737418346770125e-01 1.331120952722943080e-06 5.011781678677605024e-06 1.331930594222888975e-05 3.004122213875346639e-05 5.988551944838828810e-05 1.083332377653455330e-04 1.815059933580474209e-04 2.860468696000961742e-04 4.290132868365525098e-04 6.177805990374008035e-04 8.599553220760497788e-04
1.423420883864341679e-01 1.499663229826979585e-06 5.639247625516097608e-06 1.498121508956624049e-05 3.378883702096603599e-05 6.735520942336799190e-05 1.218306175453527900e-04 2.040681652830529625e-04 3.214856709621220061e-04 4.819420669376742227e-04 6.936267294276082969e-04 9.649603605779165415e-04
1.445439770745927943e-01 1.689347382120024994e-06 6.344339986738960404e-06 1.684803492666311260e-05 3.799871653089735064e-05 7.574628220853876716e-05 1.369900639760163262e-04 2.293989891108597198e-04 3.612515346006732334e-04 5.412932399618884498e-04 7.786097948241652369e-04 1.082513975053127006e-03
1.467799267622069692e-01 1.902792781883588967e-06 7.136515609552620774e-06 1.894465914390167820e-05 4.272709972320489256e-05 8.517083717142445471e-05 1.540132193842724850e-04 2.578324925456881487e-04 4.058624343593938825e-04 6.078282349794086881e-04 8.738011302047372962e-04 1.214069619285777953e-03
1.490504643386195982e-01 2.142937982615982035e-06 8.026360714058925895e-06 2.129895079079618738e-05 4.803695384974107332e-05 9.575437963096317226e-05 1.731257162796935101e-04 2.897420725769702093e-04 4.558966167285237328e-04 6.823957186373869315e-04 9.803926541054354665e-04 1.361241156645573479e-03
1.513561248436208762e-01 2.413078742979430121e-06 9.025722327932846737e-06 2.394208863450585138e-05 5.399876295872038553e-05 1.076373889482946732e-04 1.945799554451368345e-04 3.255449785498862889e-04 5.119993156636706193e-04 7.659410594498000267e-04 1.099709558792756571e-03 1.525819172424920569e-03
1.536974515935271846e-01 2.716910438337023552e-06 1.014785451671671570e-05 2.690895283421572743e-05 6.069140665132305348e-05 1.209770644435848854e-04 2.186581927056589856e-04 3.657072788271587905e-04 5.748901614261881649e-04 8.595167233034424785e-04 1.233224176603472293e-03 1.709788697268988054e-03
1.560749963092111503e-01 3.058575382612768290e-06 1.140758100513531550e-05 3.023855425469799233e-05 6.820313887993851188e-05 1.359492684500389272e-04 2.456759664838037362e-04 4.107493569736355679e-04 6.453713454211494182e-04 9.642936734351959189e-04 1.382571100969239236e-03 1.915348415962711852e-03
1.584893192461114264e-01 3.442715485375855875e-06 1.282147593750738146e-05 3.397451221784217383e-05 7.663267782243134228e-05 1.527506876612622154e-04 2.759859009569870427e-04 4.612519883068881836e-04 7.243366070139386917e-04 1.081573852908864148e-03 1.549563645325603180e-03 2.144931431831465212e-03
1.609409893262535307e-01 3.874530989561679823e-06 1.440806472880035139e-05 3.816558595871127158e-05 8.609041897187743914e-05 1.716012359645729263e-04 3.099819227065774572e-04 5.178630509858236615e-04 8.127811101766368529e-04 1.212803824646899089e-03 1.736211714233037171e-03 2.401227653848327179e-03
1.634305842723137725e-01 4.359845818327041258e-06 1.618804712415759144e-05 4.286626562475911230e-05 9.669978482297793146e-05 1.927467242971943383e-04 3.481039318280565540e-04 5.813049289119097841e-04 9.118122822896936996e-04 1.359589648274358046e-03 1.944741158878518679e-03 2.687207852215281901e-03
1.659586907437560488e-01 4.905180300159767530e-06 1.818454482013059689e-05 4.813742929213784535e-05 1.085987259337216289e-04 2.164618251547042625e-04 3.908429719562405585e-04 6.523826680674383541e-04 1.022661688490910346e-03 1.523713079833010318e-03 2.177614689296203908e-03 3.006149425554378255e-03
1.685259044750751778e-01 5.517832044827619495e-06 2.042337622805730490e-05 5.404707306677217552e-05 1.219413895862877536e-04 2.430533623970012886e-04 4.387469468453182456e-04 7.319929508502151820e-04 1.146698018497703184e-03 1.707149147419771088e-03 2.437554397794264738e-03 3.361663897297502770e-03
1.711328304161781055e-01 6.205965846527093724e-06 2.293336118442640772e-05 6.067112215579753749e-05 1.368999739208004841e-04 2.728639591352077592e-04 4.924269347884101082e-04 8.211339559704025973e-04 1.285441262077750791e-03 1.912085207286344339e-03 2.727565941016482989e-03 3.757726138725453295e-03
1.737800828749375415e-01 6.978713534195556993e-06 2.574665881746996302e-05 6.809433153817640418e-05 1.536667870425677577e-04 3.062760797976060430e-04 5.525641554575940265e-04 9.209161747817978978e-04 1.440578150236314576e-03 2.140941517213178040e-03 3.050964417072189478e-03 4.198705287975161571e-03
1.764682856619500806e-01 7.846284860111087822e-06 2.889914184923913739e-05 7.641128576395444843e-05 1.724565327980667913e-04 3.437165051909341030e-04 6.199176473706712780e-04 1.032574256649547830e-03 1.613978936565156012e-03 2.396393405637244414e-03 3.411401944028913304e-03 4.689397296389122977e-03
1.791980722375333956e-01 8.820090505572190470e-06 3.243081120864727929e-05 8.572750836314801937e-05 1.935088464128325680e-04 3.856612825495030878e-04 6.953327174437405958e-04 1.157479957972694980e-03 1.807715593305406860e-03 2.681395067220412876e-03 3.812896933946574238e-03 5.235059021465936040e-03
1.819700858609983596e-01 9.912878500451113582e-06 3.638625502127699107e-05 9.616069239331828590e-05 2.170911058325690121e-04 4.326411957543709855e-04 7.797502269077426565e-04 1.297156269206822246e-03 2.024081484475544809e-03 2.999205025557431618e-03 4.259865014970903689e-03 5.841443640893885687e-03
1.847849797422291551e-01 1.113888539196166555e-05 4.081515649592232188e-05 1.078420647788774545e-04 2.435015466445334840e-04 4.852478040712679668e-04 8.742167810376900690e-04 1.453292795072474129e-03 2.265612579545172017e-03 3.353413265398949746e-03 4.757151527686728776e-03 6.514837303783830441e-03
1.876434171956085639e-01 1.251400366362023163e-05 4.577285568087656589e-05 1.209178983340251771e-04 2.730727109128385974e-04 5.441401010416230168e-04 9.798958920867256121e-04 1.627762459836924009e-03 2.535110251555322720e-03 3.747970029799529371e-03 5.310065479300677370e-03 7.262096618789418145e-03
1.905460717963247397e-01 1.405596702234091953e-05 5.132097048066269323e-05 1.355511866906942660e-04 3.061752628359065242e-04 6.100518482635204241e-04 1.098080185943697048e-03 1.822639606009478089e-03 2.835665696944921713e-03 4.187216228574540053e-03 5.924414779760224514e-03 8.090686720781399555e-03
1.934936275390953253e-01 1.578455532782670233e-05 5.752808290207608882e-05 1.519234987774911944e-04 3.432222067387137826e-04 6.837996418147406939e-04 1.230204726678474705e-03 2.040219549509047874e-03 3.170685990885437414e-03 4.675915390612171187e-03 6.606542538492054736e-03 9.008719458471557695e-03
1.964867789993468006e-01 1.772182108927589477e-05 6.447049701033661132e-05 1.702370310421637972e-04 3.846735456767885124e-04 7.662917718310147900e-04 1.377861524662173922e-03 2.283039644495775920e-03 3.543921771173078310e-03 5.219287023860291752e-03 7.363364128904011444e-03 1.002499119998215976e-02
1.995262314968879735e-01 1.989233962422708938e-05 7.223307570595182694e-05 1.907168772567789195e-04 4.310414216195491781e-04 8.585379380202365004e-04 1.542815307130367044e-03 2.553901901289803555e-03 3.959496517612603669e-03 5.823041232417312980e-03 8.202404652282594202e-03 1.114901963986152621e-02
2.026127012621143364e-01 2.232348515678944038e-05 8.091016408326486150e-05 2.136135373688766127e-04 4.828957810188778846e-04 9.616598861124733442e-04 1.727020599879938376e-03 2.855897182722453957e-03 4.421937356223021483e-03 6.493414333592404004e-03 9.131836357772456572e-03 1.239107889849541677e-02
2.057469156047840031e-01 2.504573533503428253e-05 9.060660784401666291e-05 2.392056892281751947e-04 5.408706122340973393e-04 1.076903030819383001e-03 1.932640212806436978e-03 3.192430990594278921e-03 4.936207282003927770e-03 7.237205224440570323e-03 1.016051547356565214e-02 1.376223208020149052e-02
2.089296130854039757e-01 2.809300681187599431e-05 1.014388760630957924e-04 2.678032477279420525e-04 6.056708038809130012e-04 1.205649131828827412e-03 2.162065142055363473e-03 3.567250820268064518e-03 5.507738644811919007e-03 8.061812077413856373e-03 1.129801781219979401e-02 1.527436035368192127e-02
2.121615436892684559e-01 3.150302484191213714e-05 1.135362982644800547e-04 2.997507396060715315e-04 6.780796755192886700e-04 1.349430088101197982e-03 2.417935960295694055e-03 3.984475052872205221e-03 6.142467688902082494e-03 8.975268962533301115e-03 1.255467240340535535e-02 1.694018747580007880e-02
2.154434690031884481e-01 3.531772998392749332e-05 1.270424269426260360e-04 3.354310227120017884e-04 7.589672343559582908e-04 1.509942913790767892e-03 2.703165711240959786e-03 4.448623269413452125e-03 6.846869878608669545e-03 9.986281833031759522e-03 1.394159230166722163e-02 1.877329860988533050e-02
2.187761623949552869e-01 3.958372532701560258e-05 1.421165370844488206e-04 3.752693813647745187e-04 8.492992128967891477e-04 1.689065955130855711e-03 3.020964320672313037e-03 4.964647933825631389e-03 7.627995655259184847e-03 1.110426324602030619e-02 1.547070159835285674e-02 2.078815208285880040e-02
2.221604091955811655e-01 4.435276788725573961e-05 1.589352772919231424e-04 4.197380314540738412e-04 9.501469439600639978e-04 1.888876401784950415e-03 3.374864512419442370e-03 5.537967199543414321e-03 8.493506234714950226e-03 1.233936506254721885e-02 1.715475752295163997e-02 2.300008275076899714e-02
2.255970068843577148e-01 4.968230812758641008e-05 1.776944824800328921e-04 4.693610705787395294e-04 1.062698129553268879e-03 2.111669138416661425e-03 3.768749189035867312e-03 6.174498669149217425e-03 9.451708906446195518e-03 1.370250829408703117e-02 1.900736646720751349e-02 2.542529542428255407e-02
2.290867652767773488e-01 5.563608183834185610e-05 1.986111686928304155e-04 5.247199108650213092e-04 1.188268559418116785e-03 2.359976970258514332e-03 4.206880207716810413e-03 6.880693802226456497e-03 1.051159125788243484e-02 1.520540911924846139e-02 2.104299258600075828e-02 2.808084681096328222e-02
2.326305067153626172e-01 6.228475898792365972e-05 2.219257226080113105e-04 5.864592334408259182e-04 1.328314833632639408e-03 2.636592243512584765e-03 4.693928440978620796e-03 7.663572617064867525e-03 1.168285361447378781e-02 1.686059996588461229e-02 2.327695757212320388e-02 3.098461436582856249e-02
2.362290662634462801e-01 6.970665441200078500e-05 2.479043042905945834e-04 6.552935051654667923e-04 1.484448139686305465e-03 2.944589863051797190e-03 5.235004968846762065e-03 8.530758253089567797e-03 1.297593889158076344e-02 1.868144453574499889e-02 2.572543010674274364e-02 3.415525042140274414e-02
2.398832919019490972e-01 7.798850565912210397e-05 2.768414826436781714e-04 7.320140991032123056e-04 1.658449131016399110e-03 3.287351688257544695e-03 5.835693197620097673e-03 9.490510873568631239e-03 1.440205894109125931e-02 2.068214537749802837e-02 2.840540342825183251e-02 3.761212002644950120e-02
2.435940447292027078e-01 8.722632363979703114e-05 3.090631231127213981e-04 8.174970609710241649e-04 1.852283944903465726e-03 3.668592262068719623e-03 6.502081642394382313e-03 1.055176029534537520e-02 1.597321636487807409e-02 2.287774268094954280e-02 3.133465943135475829e-02 4.137522098323037634e-02
2.473621991638621231e-01 9.752632213658630079e-05 3.449295489439499788e-04 9.127115633642015041e-04 2.068121390940038610e-03 4.092385795832027481e-03 7.240797045023079220e-03 1.172413663679587256e-02 1.770222065865722366e-02 2.528410279813228870e-02 3.453171771935667489e-02 4.546508473441571857e-02
2.511886431509580686e-01 1.090059326753151575e-04 3.848389995118803569e-04 1.018729089128077867e-03 2.308351327637315435e-03 4.563194298497112895e-03 8.059037427894681291e-03 1.301799816693705557e-02 1.960269744189352750e-02 2.791789495536600718e-02 3.801576808065365576e-02 4.990265695725652761e-02
2.550742783711359429e-01 1.217949116553695152e-04 4.292314076040367019e-04 1.136733382493361868e-03 2.575604230424829826e-03 5.085896694167931810e-03 8.964604603408561981e-03 1.444445543801996419e-02 2.168908943815022958e-02 3.079655461544256179e-02 4.180658496855813033e-02 5.470915700007055599e-02
2.590200204531323824e-01 1.360365471444611638e-04 4.785925228038185892e-04 1.268031204615572725e-03 2.872771937048177859e-03 5.665818725820928950e-03 9.965935575327888180e-03 1.601539067475650502e-02 2.397664778895023871e-02 3.393823193867252092e-02 4.592442273841321199e-02 5.990591567715874977e-02
2.630267991895383073e-01 1.518889731577984382e-04 5.334584043864710329e-04 1.414063924664933072e-03 3.203029533336974009e-03 6.308763388633779889e-03 1.107213217642369699e-02 1.774347129219604538e-02 2.648141222292230146e-02 3.736172386022282299e-02 5.038989061836083444e-02 6.551419135479574773e-02
2.670955587558985211e-01 1.695265997620735315e-04 5.944203111460991378e-04 1.576419971899504797e-03 3.569858317305740249e-03 7.021041576403633591e-03 1.229298819306944360e-02 1.964215631514537597e-02 2.922017857396298768e-02 4.108638841439310463e-02 5.522380671987834472e-02 7.155496480321826835e-02
2.712272579332028477e-01 1.891416678183105091e-04 6.621300114106634617e-04 1.756848165612263143e-03 3.977069749760838227e-03 7.809502558409206312e-03 1.363901312941820029e-02 2.172569439020359885e-02 3.221045214220168845e-02 4.513204009763946423e-02 6.044703076380365109e-02 7.804871387657962012e-02
2.754228703338167383e-01 2.109459376232692622e-04 7.373055464360193196e-04 1.957271930354603697e-03 4.428830264291999663e-03 8.681563835750593511e-03 1.512145166829644526e-02 2.400911200806529061e-02 3.547038543574135283e-02 4.951882531580557856e-02 6.608027568481857073e-02 8.501516973670801558e-02
2.796833846309077498e-01 2.351725212413669809e-04 8.207374626710031663e-04 2.179804390108631626e-03 4.929686772176306367e-03 9.645239846307022621e-03 1.675229778834679342e-02 2.650819050930890153e-02 3.901869892978077070e-02 5.426707726296797762e-02 7.214389880560707902e-02 9.247305705388685071e-02
2.840098047914215162e-01 2.620778687044778097e-04 9.132955427284727892e-04 2.426764320266191263e-03 5.484592652864626015e-03 1.070916891243731822e-02 1.854430241351367678e-02 2.923943042513095503e-02 4.287458362862126005e-02 5.939714997032095878e-02 7.865767390482950039e-02 1.004398213435592907e-01
2.884031503126607276e-01 2.919439186897040831e-04 1.015936054769027257e-03 2.700692917745932398e-03 6.098933973733238097e-03 1.188263774177434132e-02 2.051097338368352771e-02 3.222000171963988746e-02 4.705758439216380096e-02 6.492923174307567435e-02 8.564054615521356217e-02 1.089313473644658026e-01
2.928644564625237368e-01 3.250804246466343687e-04 1.129709537697529739e-03 3.004371327796679595e-03 6.778555631078794601e-03 1.317560270913069667e-02 2.266656647901232544e-02 3.546767855884867815e-02 5.158746341936023411e-02 7.088313872903195811e-02 9.311037266778872390e-02 1.179616731671167124e-01
2.973947745234606366e-01 3.618274675556218270e-04 1.255769135083041653e-03 3.340838841820263725e-03 7.529787048114374923e-03 1.459870706851304489e-02 2.502606617834690628e-02 3.900075733461189770e-02 5.648404337454799445e-02 7.727808999538039736e-02 1.010836520675653105e-01 1.275427050991829181e-01
3.019951720402017648e-01 4.025581667599300467e-04 1.395379486654260487e-03 3.713411651504280441e-03 8.359467008395559187e-03 1.616329316524463960e-02 2.760515481281625161e-02 4.283795683377270708e-02 6.176703037580813516e-02 8.413246613848283928e-02 1.095752473178197850e-01 1.376839395668894572e-01
3.066667330713183648e-01 4.476816001699667966e-04 1.549926174486133306e-03 4.125702013649001389e-03 9.274967143070923445e-03 1.788140864910889305e-02 3.042016878245474426e-02 4.699829966487034660e-02 6.745581731347972954e-02 9.146355422287517911e-02 1.185981066371512294e-01 1.483921977451203300e-01
3.114105584446759667e-01 4.976459451550229417e-04 1.720925715788041137e-03 4.581637645242544674e-03 1.028421352801720499e-02 1.976580562898451465e-02 3.348804055025965398e-02 5.150097434255424683e-02 7.356926876524329251e-02 9.928728246266704804e-02 1.281629880797265364e-01 1.596713797284818326e-01
3.162277660168379412e-01 5.529418508755007443e-04 1.910036087839616379e-03 5.085481129538626556e-03 1.139570578881964232e-02 2.182993166275179822e-02 3.682622521052455328e-02 5.636517778701671810e-02 8.012548922905886328e-02 1.076179489757443236e-01 1.382781937549930340e-01 1.715222444996932216e-01
3.211194909364823991e-01 6.141060522899242403e-04 2.119067738023043806e-03 5.641849074516907397e-03 1.261853305343737033e-02 2.408791144691248276e-02 4.045261056463526905e-02 6.160993843131249564e-02 8.714157722967291742e-02 1.164679494666682746e-01 1.489493200786660976e-01 1.839422218973911782e-01
3.260868859118933871e-01 6.817252348458143407e-04 2.349995043776329472e-03 6.255730721938719888e-03 1.396238603825736627e-02 2.655451806275644852e-02 4.438540982290197640e-02 6.725392061035131985e-02 9.463336845676402487e-02 1.258475094340740230e-01 1.601790305943322223e-01 1.969252621751316767e-01
3.311311214825911065e-01 7.564401577425003105e-04 2.604968150501626393e-03 6.932505661071272640e-03 1.543756450997155888e-02 2.924513265412329380e-02 4.864303629278868973e-02 7.331521150393650876e-02 1.026151719401850737e-01 1.357644269414333693e-01 1.719668577840585411e-01 2.104617279476801994e-01
3.362533862951628261e-01 8.389500414382293492e-04 2.886325099280054145e-03 7.677960256723444753e-03 1.705497932645141934e-02 3.217569146029154031e-02 5.324395971974837938e-02 7.981109248189423300e-02 1.110995038788809841e-01 1.462238324335505824e-01 1.843090400093181924e-01 2.245383321349227190e-01
3.414548873833602727e-01 9.300172228891323859e-04 3.196604139715302721e-03 8.498302358475340670e-03 1.882614823641322668e-02 3.536261920975477396e-02 5.820654431115918070e-02 8.675779740523090200e-02 1.200968244550254249e-01 1.572279721817378129e-01 1.971983990157449018e-01 2.391381241512830491e-01
3.467368504525316641e-01 1.030472078735916600e-03 3.538556090052084706e-03 9.400173815099084965e-03 2.076318460699114188e-02 3.882274800083745231e-02 6.354886890074211425e-02 9.417026111810625211e-02 1.296152835269213099e-01 1.687760218577022686e-01 2.106242624865475588e-01 2.542405249054316418e-01
3.521005201684521135e-01 1.141218212789764375e-03 3.915156590886965590e-03 1.039066028136999970e-02 2.287877825714173738e-02 4.257322095735868034e-02 6.928853019710966288e-02 1.020618620192982745e-01 1.396604814666701777e-01 1.808639366118078018e-01 2.245724350123889379e-01 2.698214094828599308e-01
3.575471604506214596e-01 1.263237900016841390e-03 4.329618053818221936e-03 1.147729777234557207e-02 2.518616759966917779e-02 4.663138015233431882e-02 7.544243059931479700e-02 1.104441634422514695e-01 1.502352518967686179e-01 1.934843430053468927e-01 2.390252191486065825e-01 2.858532343021458755e-01
3.630780547701014105e-01 1.397597772871902533e-03 4.785401095314110662e-03 1.266807539423764860e-02 2.769910234809418517e-02 5.101463854343814275e-02 8.202655265543412622e-02 1.193266589533974187e-01 1.613394727841749587e-01 2.066264776737284092e-01 2.539614865318240988e-01 3.023052038432887945e-01
3.686945064519577264e-01 1.545454730056690590e-03 5.286225202386914818e-03 1.397143366704043169e-02 3.043179611546465227e-02 5.574033596015382647e-02 8.905572278423269650e-02 1.287165274655801273e-01 1.729699125302009699e-01 2.202761760351717446e-01 2.693567972946035449e-01 3.191434701555005971e-01
3.743978389823812702e-01 1.708062039883982610e-03 5.836078341933169898e-03 1.539625784965088610e-02 3.339886833807126365e-02 6.082557952296190756e-02 9.654336773147799422e-02 1.386184043873421035e-01 1.851201170274405783e-01 2.344159129668601238e-01 2.851835637138179225e-01 3.363313568316551594e-01
3.801893963205612570e-01 1.886775601673718484e-03 6.439225212544885148e-03 1.695186568893892326e-02 3.661527508124574892e-02 6.628706925830575580e-02 1.045012675055579515e-01 1.490341753094616972e-01 1.977803429506652111e-01 2.490248955577009926e-01 3.014112522068700395e-01 3.538295980348856729e-01
3.860705432153813121e-01 2.083060318936789165e-03 7.100213785269519733e-03 1.864798903996288046e-02 4.009622844293170285e-02 7.214091009180910452e-02 1.129393094657136498e-01 1.599627988491329478e-01 2.109375415070669779e-01 2.640792061204742525e-01 3.180066159295009687e-01 3.715965823526053979e-01
3.920426655270153882e-01 2.298496526938897163e-03 7.823879765365039304e-03 2.049474884986247220e-02 4.385710445733841112e-02 7.840241185323154616e-02 1.218652486647203437e-01 1.714001651110480529e-01 2.245753954508831751e-01 2.795519913443851867e-01 3.349339484772261843e-01 3.895885912405863127e-01
3.981071705534973137e-01 2.534786405043345462e-03 8.615348590015085503e-03 2.250262306149211633e-02 4.791333960575950429e-02 8.508587939756430407e-02 1.312844799747988622e-01 1.833389958332303504e-01 2.386744105690182249e-01 2.954136916927255219e-01 3.521553481280887965e-01 4.077600222176098188e-01
4.042654873623443001e-01 2.793760290544616311e-03 9.480034535157978726e-03 2.468240707791047664e-02 5.228031628069831904e-02 9.220439543536596005e-02 1.411998279752117447e-01 1.957687916094786318e-01 2.532120608172594989e-01 3.116323027009370583e-01 3.696309811274992585e-01 4.260635882763547655e-01
4.105190671273080683e-01 3.077382796606064133e-03 1.042363651663152577e-02 2.704516653735618281e-02 5.697323780094756818e-02 9.976959913165417415e-02 1.516113607557614817e-01 2.086758305788017909e-01 2.681629843630791710e-01 3.281736583020242737e-01 3.873193325337608295e-01 4.444504867690566297e-01
4.168693834703355305e-01 3.387758621070950139e-03 1.145213014840099075e-02 2.960218227656355103e-02 6.200699384165373612e-02 1.077914640302256172e-01 1.625162338591681910e-01 2.220432217530120267e-01 2.834992253780971305e-01 3.450017246437235285e-01 4.051774335932198379e-01 4.628705335336632531e-01
4.233179328088209070e-01 3.727137916504864347e-03 1.257175565622637575e-02 3.236488751644410466e-02 6.739601742752121538e-02 1.162780792472463826e-01 1.739085704295708634e-01 2.358510144952488397e-01 2.991905143167596925e-01 3.620788918980111237e-01 4.231610559027197960e-01 4.812722609728407042e-01
4.298662347082278790e-01 4.097921074850405417e-03 1.378900119675342990e-02 3.534479747187455057e-02 7.315413491174650729e-02 1.252354382896221086e-01 1.857793832809032930e-01 2.500763639557193607e-01 3.152045772167000881e-01 3.793662511245939895e-01 4.412248646549275510e-01 4.996029820486204143e-01
4.365158322401661017e-01 4.502662762960136199e-03 1.511058125509631526e-02 3.855343178620979777e-02 7.929441063728327743e-02 1.346672401681249520e-01 1.981165439141235052e-01 2.646937500366316476e-01 3.315074626625250653e-01 3.968238435096216321e-01 4.593225259046153641e-01 5.178088254528774304e-01
4.432682923460088964e-01 4.944075026975292692e-03 1.654340974930704894e-02 4.200223039390431345e-02 8.582898824222601197e-02 1.445747076565161715e-01 2.109048027630406330e-01 2.796752455066388032e-01 3.480638734656698596e-01 4.144108703339977051e-01 4.774067660545436298e-01 5.358347502596941814e-01
4.501252062061338877e-01 5.425029266985215669e-03 1.809456758733505449e-02 4.570246364212917495e-02 9.276893079163545108e-02 1.549564277093455622e-01 2.241258636836933604e-01 2.949908263398649533e-01 3.648374891110314766e-01 4.320858538837086260e-01 4.954293853747386844e-01 5.536245508286019579e-01
4.570881896148751844e-01 5.948556866473883771e-03 1.977126447405390050e-02 4.966513771952569406e-02 1.001240621368422734e-01 1.658082189877589929e-01 2.377585142855487554e-01 3.106087152437800869e-01 3.817912644396616040e-01 4.498067420806675654e-01 5.133412311215599377e-01 5.711208642546820036e-01
4.641588833612779741e-01 6.517848247097939030e-03 2.158079486790142124e-02 5.390089668039264870e-02 1.079028120300727644e-01 1.771230313359862807e-01 2.517788122217203273e-01 3.264957471313203463e-01 3.988876905681114637e-01 4.675309529806183084e-01 5.310921394097296577e-01 5.882651929409035141e-01
4.713389536157404636e-01 7.136250101905830361e-03 2.353048809984802092e-02 5.841992255964972153e-02 1.161120676612771990e-01 1.888908817133603812e-01 2.661603256005273255e-01 3.426177434915319009e-01 4.160890048963787891e-01 4.852153591084027995e-01 5.486308580592876849e-01 6.049979536192457985e-01
4.786300923226385340e-01 7.807260553514468529e-03 2.562765279944851163e-02 6.323183528423295674e-02 1.247570342874327470e-01 2.010988305874321092e-01 2.808744234836280107e-01 3.589398810370330040e-01 4.333573392681627778e-01 5.028162158168782980e-01 5.659049648354168571e-01 6.212585612089950304e-01
4.860340175990218725e-01 8.534521978803256970e-03 2.787951592611435936e-02 6.834559426457667564e-02 1.338411076098082741e-01 2.137310021589405307e-01 2.958906106818265935e-01 3.754270391338705992e-01 4.506547981070278541e-01 5.202890420915962100e-01 5.828607964535468255e-01 6.369855512553970200e-01
4.935524741394806680e-01 9.321811222221578971e-03 3.029315686989783249e-02 7.376940368458391462e-02 1.433657604667664398e-01 2.267686510420405255e-01 3.111768985092898676e-01 3.920441102050407634e-01 4.679434619903659054e-01 5.375884661658035801e-01 5.994434031382241956e-01 6.521167384839539061e-01
5.011872336272724660e-01 1.017302694513970950e-02 3.287543727433533958e-02 7.951062360748338553e-02 1.533304462186040606e-01 2.401902769017814909e-01 3.267002012906399244e-01 4.087562578352794684e-01 4.851853164982503075e-01 5.546680515744036866e-01 6.155965411779688035e-01 6.665894015951523421e-01
5.089400951518091576e-01 1.109217384310927368e-02 3.563292743017925507e-02 8.557568905352036515e-02 1.637325209627007172e-01 2.539717874917125640e-01 3.424267462215382918e-01 4.255291086818007718e-01 5.023421108529786405e-01 5.714801214522503559e-01 6.312627117301276014e-01 6.803404763761746743e-01
5.168128856326035248e-01 1.208334349131364761e-02 3.857183029666206436e-02 9.197003916130819245e-02 1.745671864041442589e-01 2.680867092166611121e-01 3.583224826859412460e-01 4.423288666015369186e-01 5.193751557722532386e-01 5.879755996121328598e-01 6.463832481834700383e-01 6.933067312564105134e-01
5.248074602497728725e-01 1.315069159198683710e-02 4.169790441898954536e-02 9.869805845921482412e-02 1.858274548293739614e-01 2.825064428998207977e-01 3.743534756415809461e-01 4.591223407356907482e-01 5.362450745812988862e-01 6.041038859076498513e-01 6.608984469760151859e-01 7.054248924833464995e-01
5.329257028812005581e-01 1.429841143936492337e-02 4.501638722115151869e-02 1.057630320534425211e-01 1.975041372169599185e-01 2.972005609511559343e-01 3.904862669762195204e-01 4.758768833802621834e-01 5.529115256133091405e-01 6.198127804049423650e-01 6.747477283731955211e-01 7.166316811207098514e-01
5.411695265464637750e-01 1.553070343873640992e-02 4.853192035468930493e-02 1.131671163124892687e-01 2.095858550462662839e-01 3.121371405138428923e-01 4.066881885663988228e-01 4.925602382782852673e-01 5.693329168076096680e-01 6.350484659203841087e-01 6.878698050299509870e-01 7.268637220591187553e-01
5.495408738576248453e-01 1.685174059798721577e-02 5.224847896536079922e-02 1.209113261939536166e-01 2.220590758926477004e-01 3.272831255755299096e-01 4.229276114060308012e-01 5.091403053980674276e-01 5.854661347673457694e-01 6.497555516913742224e-01 7.002028280133191229e-01 7.360572872036268421e-01
5.580417174769966016e-01 1.826562994766647852e-02 5.616930690000782045e-02 1.289955399955860504e-01 2.349081723985639858e-01 3.426047095116812602e-01 4.391741167012428448e-01 5.255848336373344365e-01 6.012663100032598074e-01 6.638771727001808731e-01 7.116844732657937600e-01 7.441478418075995194e-01
5.666740605819913235e-01 1.977636993485701322e-02 6.029685998926546942e-02 1.374185217345737786e-01 2.481155037215040937e-01 3.580677279592497930e-01 4.553985772129519605e-01 5.418610581649826452e-01 6.166866374285248087e-01 6.773551300438535039e-01 7.222519271682000808e-01 7.510693757131132742e-01
5.754399373371569260e-01 2.138780394171344371e-02 6.463275961387382473e-02 1.461779608101851369e-01 2.616615180836489030e-01 3.736380507844019871e-01 4.715731406126275616e-01 5.579353036179057757e-01 6.316782663175837254e-01 6.901300484756399678e-01 7.318417288286792610e-01 7.567535210792293299e-01
5.843414133735178595e-01 2.310357015513835391e-02 6.917775877695216125e-02 1.552705279713930964e-01 2.755248746034429375e-01 3.892819608014601585e-01 4.876711108274008888e-01 5.737725775053899024e-01 6.461902670361391321e-01 7.021415186722292923e-01 7.403894297449958861e-01 7.611284868690837424e-01
5.933805862753280813e-01 2.492704815095742391e-02 7.393172284058549537e-02 1.646919459657481821e-01 2.896825821677387891e-01 4.049665063042416357e-01 5.036667283315775512e-01 5.893361798763516735e-01 6.601696732822583957e-01 7.133281847488323058e-01 7.478290395302091831e-01 7.641178803057547819e-01
6.025595860743577781e-01 2.686130268596280055e-02 7.889362695349995402e-02 1.744370725926921994e-01 3.041101527392308101e-01 4.206598143333886153e-01 5.195348559121772958e-01 6.045873546904801943e-01 6.735615889342003726e-01 7.236277328133630116e-01 7.540922405545007479e-01 7.656395400926274686e-01
6.118805757518221977e-01 2.890902532571523395e-02 8.406157198613954662e-02 1.844999932756027083e-01 3.187817661758611254e-01 4.363313519718097777e-01 5.352505819505826157e-01 6.194850055452866266e-01 6.863093386312884014e-01 7.329767345284532443e-01 7.591073764659643786e-01 7.656045790123326977e-01
6.213457517480758252e-01 3.107247467715805803e-02 8.943282047455175521e-02 1.948741196668185849e-01 3.336704433783966306e-01 4.519521240321017208e-01 5.507887586792519219e-01 6.339854932714857894e-01 6.983546317395076253e-01 7.413103012878606846e-01 7.627982527530647872e-01 7.639169267854151180e-01
6.309573444801933606e-01 3.335341615157813577e-02 9.500385368888902837e-02 2.055522903306317428e-01 3.487482244152755317e-01 4.674947971911299072e-01 5.661234972784701114e-01 6.480425256943316281e-01 7.096377010455640066e-01 7.485615104597447278e-01 7.650828362369624935e-01 7.604737750335303081e-01
6.407176188675540729e-01 3.575306232424522307e-02 1.007704504776302107e-01 2.165268691357791209e-01 3.639863481995477823e-01 4.829337430057843994e-01 5.812276451854007098e-01 6.616071410832765620e-01 7.200973708752018698e-01 7.546605766669015614e-01 7.658720103765650489e-01 7.551674419784990544e-01
6.506288748655573162e-01 3.827201510662083667e-02 1.067277879697575149e-01 2.277898367384915690e-01 3.793554303195838528e-01 4.982449951778997743e-01 5.960722723362227304e-01 6.746277771556991043e-01 7.296710043405749690e-01 7.595337614806451088e-01 7.650686393189413126e-01 7.478892663999979762e-01
6.606934480075961069e-01 4.091021106422614018e-02 1.128705636346488961e-01 2.393328704243737337e-01 3.948256357946141049e-01 5.134061198222884537e-01 6.106261929223547602e-01 6.870504076988778186e-01 7.382942761850646018e-01 7.631020494484445083e-01 7.625673159560808489e-01 7.385361607370865000e-01
6.709137099554115524e-01 4.366687133912139362e-02 1.191931373949860345e-01 2.511474076708870573e-01 4.103668438243776584e-01 5.283960010449817446e-01 6.248555468457522855e-01 6.988187194245744083e-01 7.459007164541399115e-01 7.652796748711707675e-01 7.582553075059657033e-01 7.270203388194946825e-01
6.812920690579614691e-01 4.654045769970674429e-02 1.256896919891178632e-01 2.632246891001622235e-01 4.259488019948269866e-01 5.431945476498918346e-01 6.387234609844809619e-01 7.098742924158540912e-01 7.524209731752090624e-01 7.659726703540989945e-01 7.520153393566815225e-01 7.132824207802243022e-01
6.918309709189366385e-01 4.952863632232807484e-02 1.323544087839178540e-01 2.755557770481511515e-01 4.415412679124699480e-01 5.577823299153910064e-01 6.521898053339532098e-01 7.201567376934674414e-01 7.577817543678964096e-01 7.650777296483153300e-01 7.437309267867704410e-01 6.973075683223326493e-01
7.025328989730521556e-01 5.262825088253977185e-02 1.391816556490229340e-01 2.881315467926900409e-01 4.571141367598747784e-01 5.721401577707283526e-01 6.652110533486881305e-01 7.296037336222599423e-01 7.619044398976627663e-01 7.624818290229209428e-01 7.332949100862694580e-01 6.791435395306643086e-01
7.134003750712564207e-01 5.583530652087496243e-02 1.461661826352275151e-01 3.009426485668625362e-01 4.726375537572254926e-01 5.862486133882257588e-01 6.777402500471479962e-01 7.381508886656412693e-01 7.647034134451257126e-01 7.580632127832989120e-01 7.206216030659028382e-01 6.589186826616900694e-01
7.244359600749902262e-01 5.914496610182136405e-02 1.533033207386051422e-01 3.139794397620448430e-01 4.880820108927513834e-01 6.000875522877752166e-01 6.897270846031404723e-01 7.457313436907403448e-01 7.660842646928596178e-01 7.516944790893923534e-01 7.056624797380933733e-01 6.368571124368495040e-01
7.356422544596413760e-01 6.255155998144563967e-02 1.605891783286839958e-01 3.272318881398201817e-01 5.034184271876677164e-01 6.136355884001732930e-01 7.011180539273383916e-01 7.522750201017129879e-01 7.659421547705889122e-01 7.432485434599944707e-01 6.884246021641415858e-01 6.132878868517068760e-01
7.470218989273319510e-01 6.604861018756114088e-02 1.680208296275038371e-01 3.406894484874862239e-01 5.186182112530272059e-01 6.268695812819636837e-01 7.118566861175166238e-01 7.577074337640760104e-01 7.641608129740861122e-01 7.326081423884914789e-01 6.689901151551248537e-01 5.886451693302907628e-01
7.585775750291839925e-01 6.962886942253619649e-02 1.755964895349872712e-01 3.543409163884682633e-01 5.336533033025298023e-01 6.397641490248182627e-01 7.218837644169014967e-01 7.619480455027066723e-01 7.606128102088768328e-01 7.196792113450040107e-01 6.475342686381797552e-01 5.634572570172271533e-01
7.703120057972147050e-01 7.328437471599381914e-02 1.833156693741676002e-01 3.681742644409333187e-01 5.484961913784407450e-01 6.522912382281471633e-01 7.311374535087821203e-01 7.649082204920062411e-01 7.551618875074529447e-01 7.044079063620256598e-01 6.243388091901924675e-01 5.383239366638086221e-01
7.822279563860029539e-01 7.700651476516919003e-02 1.911793086924978013e-01 3.821764672118209138e-01 5.631198937664787518e-01 6.644197898319144091e-01 7.395531889132266334e-01 7.664890228814058570e-01 7.476681499208086557e-01 6.868002686805835255e-01 5.997974529307679159e-01 5.138836415169386607e-01
7.943282347242817121e-01 8.078610910658107214e-02 1.991898790762757776e-01 3.963333220314627647e-01 5.774978979921782107e-01 6.761155400280638439e-01 7.470631643135817734e-01 7.665792617885269777e-01 7.379968134489995890e-01 6.669426597744509966e-01 5.744106929834837949e-01 4.907739023446677784e-01
8.066156921766135524e-01 8.461349628099762432e-02 2.073514569135961327e-01 4.106292724181830334e-01 5.916040492960314978e-01 6.873409794335985090e-01 7.535952651830376547e-01 7.650543938767412344e-01 7.260308795878046562e-01 6.450202878539772477e-01 5.487684494889522036e-01 4.695901191596794089e-01
8.190932242152976217e-01 8.847862719636981343e-02 2.156697630889654049e-01 4.250472390601342521e-01 6.054123909015498572e-01 6.980554527758412453e-01 7.590713721232078548e-01 7.617770271633259593e-01 7.116876024243907750e-01 6.213306162336841298e-01 5.235209011604154972e-01 4.508482955224547006e-01
8.317637711026713010e-01 9.237115906951277877e-02 2.241521686956969572e-01 4.395684588083792477e-01 6.188969766563432451e-01 7.082153143110986315e-01 7.634051017733216593e-01 7.565998125373950556e-01 6.949379395516837032e-01 5.962883940260947924e-01 4.993399297454334529e-01 4.349568341985667330e-01
8.446303185839686423e-01 9.628054477308008174e-02 2.328076670175925345e-01 4.541723250504811626e-01 6.320317014297417435e-01 7.177739733883491402e-01 7.664992508897907619e-01 7.493714208978901059e-01 6.758274146349263489e-01 5.704196254693939538e-01 4.768755251952003782e-01 4.222008324408388358e-01
8.576958985908941235e-01 1.001961123307330698e-01 2.416468136016712009e-01 4.688362144552578048e-01 6.447902180930774607e-01 7.266815980138889852e-01 7.682434186223184858e-01 7.399460755434976722e-01 6.544960800808997670e-01 5.443430280743271066e-01 4.567127757154665346e-01 4.127398816530765124e-01
8.709635899560810302e-01 1.041071296474255364e-01 2.506816376581039174e-01 4.835352787543171771e-01 6.571460183024513402e-01 7.348842296605538893e-01 7.685124471983140193e-01 7.281967547897530979e-01 6.311946977678897230e-01 5.187393064065929371e-01 4.393353282299687357e-01 4.066177537744573023e-01
8.844365191385998859e-01 1.080028504613449319e-01 2.599255296222331424e-01 4.982421819564638032e-01 6.690727320042633153e-01 7.423221336425006589e-01 7.671663908946033672e-01 7.140317261582247443e-01 6.062940130268850147e-01 4.943106204941761783e-01 4.251002769000757908e-01 4.037802206651117665e-01
8.981178609606945695e-01 1.118725390128823410e-01 2.693931095906545448e-01 5.129267792282085070e-01 6.805446366925587132e-01 7.489273773668286838e-01 7.640526713200547215e-01 6.974135528458478284e-01 5.802842276805074695e-01 4.717345677707536766e-01 4.142274254377827369e-01 4.040961661676246708e-01
9.120108393559100968e-01 1.157054726658690302e-01 2.791000780043008112e-01 5.275557676254302164e-01 6.915372643417266874e-01 7.546208692911624549e-01 7.590109130117452807e-01 6.783791594538869374e-01 5.537625771828842414e-01 4.516183854648199714e-01 4.068031739286352422e-01 4.073773699512544533e-01
9.261187281287937001e-01 1.194909241195153682e-01 2.890630413198866377e-01 5.420923885531739872e-01 7.020278725259609942e-01 7.593093437300497683e-01 7.518807167061360985e-01 6.570590006327163834e-01 5.274082875374886958e-01 4.344595239027442823e-01 4.027965295602312090e-01 4.133937131045950508e-01
9.404448517263518381e-01 1.232181274116642827e-01 2.992992897883741121e-01 5.564963158222894224e-01 7.119954452013711466e-01 7.628829602335502891e-01 7.425123679088563300e-01 6.336929118425962404e-01 5.019460038787920686e-01 4.206180075678833674e-01 4.020826283773261123e-01 4.218825569633170569e-01
9.549925860214364404e-01 1.268762351450506698e-01 3.098264830689647087e-01 5.707239016883300931e-01 7.214198548775181408e-01 7.652142305229702179e-01 7.307802299648501476e-01 6.086399407579571319e-01 4.781007766933643710e-01 4.103041140028714784e-01 4.044682353001133324e-01 4.325529847774741143e-01
9.697653591082495694e-01 1.304542781012976438e-01 3.206621763145197090e-01 5.847289524636148927e-01 7.302798905077745317e-01 7.661588609867260313e-01 7.165983353816630652e-01 5.823794969908459018e-01 4.565494790813042769e-01 4.035821858498294668e-01 4.097141801992398857e-01 4.450868693919858288e-01
9.847666521101583470e-01 1.339411427387124376e-01 3.318231029731297799e-01 5.984641458918890100e-01 7.385500477796921315e-01 7.655588334514107363e-01 6.999374363691170942e-01 5.555016523981466392e-01 4.378746791686942696e-01 4.003884336809158118e-01 4.175513781359114218e-01 4.591390507456540870e-01
1.000000000000000000e+00 1.373255867152314846e-01 3.433241323644193321e-01 6.118830796590014609e-01 7.461962663876505752e-01 7.632477237398775927e-01 6.808424651768225644e-01 5.286854547987445141e-01 4.225271391387551700e-01 4.005580970916814421e-01 4.276893921878019977e-01 4.743383730631440254e-01
