# # 0th column LD, nth column infidelity for pure motion (n-1)
1.000000000000000021e-02 1.580178468176862564e-08 8.362287001330306142e-08 2.007409371837497892e-07 3.671375236289897311e-07 5.827941204690513858e-07 8.476922331573240246e-07 1.161813417458538433e-06 1.525139099508129848e-06 1.937650812275115001e-06 2.399330053643828167e-06 2.910158258081646447e-06
1.015468992433080087e-02 1.680229186307410415e-08 8.891717908883608978e-08 2.134491667110775561e-07 3.903780091633150556e-07 6.196834133380546016e-07 9.013451006669299935e-07 1.235342844709964424e-06 1.621656284901630888e-06 2.060265171344351892e-06 2.551149217314810531e-06 3.094288071751798273e-06
1.031177274593055374e-02 1.786614174667235231e-08 9.454663893080296049e-08 2.269617783502366422e-07 4.150893595769271609e-07 6.589071330254613783e-07 9.583928641201018149e-07 1.313524370603790809e-06 1.724279338167445880e-06 2.190635556373453921e-06 2.712570784572141938e-06 3.290062712761108554e-06
1.047128548050899575e-02 1.899734406603300950e-08 1.005324619391820797e-07 2.413296736602181195e-07 4.413646352566459617e-07 7.006129521231457655e-07 1.019050245071370306e-06 1.396652188588212182e-06 1.833394321277630439e-06 2.329252289244539174e-06 2.884201706043855872e-06 3.498218114975383090e-06
1.063326571637161072e-02 2.020016233476530200e-08 1.068972027035312053e-07 2.566069739013375505e-07 4.693027816784022698e-07 7.449578793699103563e-07 1.083545536397760840e-06 1.485039077496470947e-06 1.949411687106127791e-06 2.476636660426737457e-06 3.066687259249970279e-06 3.719536673015849754e-06
1.079775162327709960e-02 2.147912988220861890e-08 1.136648429424176732e-07 2.728512238059033046e-07 4.990090012244871787e-07 7.921088498402458020e-07 1.152121460698696592e-06 1.579017580150326190e-06 2.072767816954847552e-06 2.633342883451558423e-06 3.260713464802939905e-06 3.954850169370612494e-06
1.096478196143185063e-02 2.283906695355093506e-08 1.208608816400815740e-07 2.901236078534792004e-07 5.305951486209617876e-07 8.422433512359331753e-07 1.225036079742206301e-06 1.678941255466671079e-06 2.203926657119366224e-06 2.799960171128325834e-06 3.467009655178793819e-06 4.205042887580822148e-06
1.113439609062361405e-02 2.428509884439509496e-08 1.285124311408865745e-07 3.084891803760699974e-07 5.641801512711722300e-07 8.955500910428171529e-07 1.302563764111109210e-06 1.785185996138577443e-06 2.343381457612928554e-06 2.977114941579547286e-06 3.686351203758097976e-06 4.471054920446989673e-06
1.130663397949638674e-02 2.582267519988088074e-08 1.366483190817804615e-07 3.280171101967943877e-07 5.998904560520428360e-07 9.522297048936624641e-07 1.384996222638312099e-06 1.898151439953615333e-06 2.491656620755826961e-06 3.165473164904881140e-06 3.919562428401058454e-06 4.753885685051323399e-06
1.148153621496882971e-02 2.745759052950306109e-08 1.452991968759004712e-07 3.487809405881065150e-07 6.378605042898801359e-07 1.012495509537589109e-06 1.472643595823998893e-06 2.018262469520698183e-06 2.649309664941444612e-06 3.365742857077417702e-06 4.167519673635971835e-06 5.054597660777429120e-06
1.165914401179831729e-02 2.919600604597845461e-08 1.544976551198415076e-07 3.708588659890251953e-07 6.782332371523133540e-07 1.076574303852581281e-06 1.565835619958416550e-06 2.145970808534122312e-06 2.816933314294127125e-06 3.578676727843350577e-06 4.431154590546323384e-06 5.374320359764232297e-06
1.183949922229301718e-02 3.104447283758061030e-08 1.642783460834232640e-07 3.943340256305527141e-07 7.211606318858480133e-07 1.144707219901247987e-06 1.664922863926640669e-06 2.281756709178684027e-06 2.995157717406891723e-06 3.805075000307949996e-06 4.711457619200686050e-06 5.714254548067699478e-06
1.202264434617413176e-02 3.300995654904796905e-08 1.746781140993907012e-07 4.192948162648098073e-07 7.668042731992920820e-07 1.217150627984921349e-06 1.770278042978358826e-06 2.426130753875059162e-06 3.184652807055683725e-06 4.045788403583085460e-06 5.009481692306956414e-06 6.075676731796354642e-06
1.220862254059071166e-02 3.509986357405379215e-08 1.857361342422771774e-07 4.458352241400965100e-07 8.153359598494983950e-07 1.294177098219055605e-06 1.882297416731090559e-06 2.579635767440790103e-06 3.386130807827374282e-06 4.301721354590958791e-06 5.326346170089886841e-06 6.459943923764841063e-06
1.239747763028944093e-02 3.732206898453525670e-08 1.974940595695673840e-07 4.740551784396394043e-07 8.669383491655002845e-07 1.376076423548111174e-06 2.001402274024500433e-06 2.742848850549038059e-06 3.600348901578357808e-06 4.573835340326680302e-06 5.663241023215921079e-06 6.868498711824653970e-06
1.258925411794167490e-02 3.968494611976127736e-08 2.099961777965624130e-07 5.040609266010638959e-07 9.218056436759188894e-07 1.463156706113273606e-06 2.128040512357429898e-06 2.916383540259348091e-06 3.828112060606259544e-06 4.863152512336028963e-06 6.021431278158239966e-06 7.302874640556725437e-06
1.278399719463023734e-02 4.219739812943216495e-08 2.232895779771065134e-07 5.359654333813121085e-07 9.801443191146944923e-07 1.555745513154020891e-06 2.262688315345479774e-06 3.100892105109885460e-06 4.070276057686724854e-06 5.170759507373886562e-06 6.402261739832717143e-06 7.764701934556051706e-06
1.298175275049848892e-02 4.486889148244641986e-08 2.374243273466812058e-07 5.698888055516239428e-07 1.042173899835304323e-06 1.654191104659898910e-06 2.405851936851343758e-06 3.297067995479017674e-06 4.327750661190598454e-06 5.497811506633645156e-06 6.807162013068045517e-06 8.255713579726965841e-06
1.318256738556407466e-02 4.770949159363111804e-08 2.524536596961857488e-07 6.059587425113020654e-07 1.108127782307580121e-06 1.758863739565271539e-06 2.558069597566015635e-06 3.505648423778961513e-06 4.601503061801429431e-06 5.845536550971658603e-06 7.237651843902282448e-06 8.777751783531470139e-06
1.338648842069993343e-02 5.072990067437660955e-08 2.684341756240254574e-07 6.443110163656066938e-07 1.178254111017452574e-06 1.870157062980114524e-06 2.719913499349813538e-06 3.727417139053608827e-06 4.892561447491615361e-06 6.215240126922381068e-06 7.695346763874991123e-06 9.332774841938800003e-06
1.359356390878525486e-02 5.394149803755476710e-08 2.854260550336751898e-07 6.850899813800123183e-07 1.252816708859200086e-06 1.988489581795534935e-06 2.891991968400386640e-06 3.963207331723691434e-06 5.202018873275881680e-06 6.608310038252906354e-06 8.181964151863881969e-06 9.922864434936689532e-06
1.380384264602885214e-02 5.735638290107888060e-08 3.034932836325823872e-07 7.284491161887744850e-07 1.332096066948367145e-06 2.114306231896106302e-06 3.074951731210099450e-06 4.213904783016659967e-06 5.531037335293729508e-06 7.026221586949943972e-06 8.699329613680184011e-06 1.055023338204402240e-05
1.401737418346770195e-02 6.098741988038289755e-08 3.227038931967083519e-07 7.745515997929951444e-07 1.416390396212749477e-06 2.248080045457961547e-06 3.269480335439970640e-06 4.480451154517614395e-06 5.880852111039816818e-06 7.470543076882704753e-06 9.249383782486551552e-06 1.121723387756368423e-05
1.423420883864341506e-02 6.484828744262618036e-08 3.431302173268095267e-07 8.235709241750425603e-07 1.506016745522371498e-06 2.390313922397779914e-06 3.476308721067497777e-06 4.763847511185585874e-06 6.252776373921843992e-06 7.942941659824520752e-06 9.834189576647688925e-06 1.192636624601778051e-05
1.445439770745927249e-02 6.895352929542352772e-08 3.648491633164098151e-07 8.756915451604403961e-07 1.601312190092559300e-06 2.541542513108058206e-06 3.696213955100374022e-06 5.065158063293733486e-06 6.648206100182347386e-06 8.445189553664771528e-06 1.045593984187509866e-05 1.268028824268087883e-05
1.467799267622069831e-02 7.331860913813910345e-08 3.879425009561074258e-07 9.311095749397178012e-07 1.702635094535402799e-06 2.702334219544149725e-06 3.930022136061327199e-06 5.385514145137701619e-06 7.068625225699797330e-06 8.979170643553798463e-06 1.111696553976224841e-05 1.348182493555160624e-05
1.490504643386196190e-02 7.795996880766516635e-08 4.124971698535498818e-07 9.900335174222336203e-07 1.810366456109158763e-06 2.873293322911816359e-06 4.178611482724065829e-06 5.726118413308330043e-06 7.515611275960532837e-06 9.546887502046684859e-06 1.181974441478592382e-05 1.433397920494448647e-05
1.513561248436207964e-02 8.289509010033048122e-08 4.386056059368659529e-07 1.052685050517939765e-06 1.924911331492482009e-06 3.055062245093511093e-06 4.442915615573155701e-06 6.088249377360489039e-06 7.990841162392496252e-06 1.015046884383841291e-05 1.256691020915000444e-05 1.523994289950003093e-05
1.536974515935271741e-02 8.814256053530302736e-08 4.663660886580288313e-07 1.119299857543783963e-06 2.046700354191082206e-06 3.248323950124578795e-06 4.723927045129690435e-06 6.473266154489313325e-06 8.496097471258818218e-06 1.079217745177254427e-05 1.336126245416944370e-05 1.620310868766513071e-05
1.560749963092111434e-02 9.372214321488212046e-08 4.958831100077609620e-07 1.190128511050575095e-06 2.176191347183162904e-06 3.453804499641713628e-06 5.022700877858626183e-06 6.882613504465276718e-06 9.033275087113352834e-06 1.147441859317254378e-05 1.420577687335264932e-05 1.722708264626955779e-05
1.584893192461113431e-02 9.965485114757719066e-08 5.272677670990396272e-07 1.265437412028888022e-06 2.313871036483424102e-06 3.672275766597604137e-06 5.340358757469888074e-06 7.317827285833266366e-06 9.604388279448735445e-06 1.219974896705010001e-05 1.510361643611355199e-05 1.831569764285008179e-05
1.609409893262535307e-02 1.059630262308406275e-07 5.606381787596376539e-07 1.345509788579318028e-06 2.460256873119938722e-06 3.904558320916058786e-06 5.678093048898724069e-06 7.780540085456004334e-06 1.021157815290450597e-05 1.297088620509913464e-05 1.605814309718311454e-05 1.947302753951894892e-05
1.634305842723137586e-02 1.126704232537475542e-07 5.961199294737751479e-07 1.430646757628273352e-06 2.615898969929543046e-06 4.151524494622678586e-06 6.037171289486848192e-06 8.272487424700805528e-06 1.085712065586340255e-05 1.379071897505625046e-05 1.707293027291359466e-05 2.070340229164855259e-05
1.659586907437560557e-02 1.198022991616060272e-07 6.338465404667564701e-07 1.521168452644385031e-06 2.781382158470319314e-06 4.414101641846193680e-06 6.418940915524990963e-06 8.795514107865150491e-06 1.154343502181717776e-05 1.466231770397367342e-05 1.815177609543049836e-05 2.201142398307488548e-05
1.685259044750751084e-02 1.273855079813624845e-07 6.739599706994767157e-07 1.617415223426066065e-06 2.957328177540302071e-06 4.693275600267449835e-06 6.824834287222977018e-06 9.351581156430610590e-06 1.227309277395479608e-05 1.558894597942413139e-05 1.929871748756550545e-05 2.340198385820269693e-05
1.711328304161780986e-02 1.354486017529740869e-07 7.166111497710982914e-07 1.719748910608563520e-06 3.144397997294069252e-06 4.990094372550650404e-06 7.256374027275386938e-06 9.942773070651421540e-06 1.304882727622389681e-05 1.657407264810496702e-05 2.051804512158544926e-05 2.488028041622881382e-05
1.737800828749375484e-02 1.440219377356731028e-07 7.619605436959286084e-07 1.828554200692762242e-06 3.343294290089359931e-06 5.305672037025914946e-06 7.715178694041966516e-06 1.057130563897985304e-05 1.387354388700031836e-05 1.762138471289580001e-05 2.181431930310924344e-05 2.645183862805163056e-05
1.764682856619499696e-02 1.531377925776330243e-07 8.101787574364886874e-07 1.944240066116028928e-06 3.554764056786248055e-06 5.641192904108366825e-06 8.202968810951264802e-06 1.123953411373253961e-05 1.475033074489158918e-05 1.873480094881024993e-05 2.319238684775966436e-05 2.812253034702768672e-05
1.791980722375334165e-02 1.628304834433631054e-07 8.614471740075456279e-07 2.067241296190730820e-06 3.779601417034720881e-06 5.997915933828623408e-06 8.721573270396194030e-06 1.194996199218254166e-05 1.568247022807720302e-05 1.991848645423948094e-05 2.465739900470795078e-05 2.989859599025413147e-05
1.819700858609983596e-02 1.731364969892594094e-07 9.159586349702896602e-07 2.198020123606102268e-06 4.018650575984292225e-06 6.377179428293545226e-06 9.272936141799489307e-06 1.270525032237744310e-05 1.667345113115384106e-05 2.117686806127356340e-05 2.621483049423516007e-05 3.178666755761218549e-05
1.847849797422290719e-02 1.840946263369242706e-07 9.739181634175051157e-07 2.337067954385726144e-06 4.272808975975111142e-06 6.780406019889406025e-06 9.859123902657761598e-06 1.350822758253547899e-05 1.772698157649004407e-05 2.251465071480497472e-05 2.787049972961010553e-05 3.379379308845146542e-05
1.876434171956085570e-02 1.957461167815136338e-07 1.035543732323648012e-06 2.484907205151913566e-06 4.543030645900797994e-06 7.209107971896397548e-06 1.048233312311984878e-05 1.436190018449509956e-05 1.884700278444938578e-05 2.393683487006073455e-05 2.963059029451785842e-05 3.592746262564644005e-05
1.905460717963247327e-02 2.081348206071485706e-07 1.101067081266653646e-06 2.642093257105567489e-06 4.830329762310448069e-06 7.664892808824358129e-06 1.114489862986004572e-05 1.526946360053637024e-05 2.003770364319120689e-05 2.544873497813964652e-05 3.150167374673982454e-05 3.819563579164088183e-05
1.934936275390952004e-02 2.213073617563826312e-07 1.170734584877532017e-06 2.809216531341385692e-06 5.135784431020926777e-06 8.149469302203754932e-06 1.184930218036885835e-05 1.623431424788194537e-05 2.130353621595181432e-05 2.705599910345151901e-05 3.349073384451891754e-05 4.060677106629948419e-05
1.964867789993467867e-02 2.353133107764331452e-07 1.244808175697965986e-06 2.986904696393829908e-06 5.460540708366065120e-06 8.664653825942208030e-06 1.259818167770798853e-05 1.726006204574877161e-05 2.264923220497991067e-05 2.876462977510425956e-05 3.560519226766699276e-05 4.316985688171740937e-05
1.995262314968879874e-02 2.502053708899895895e-07 1.323566325149674159e-06 3.175825008031397209e-06 5.805816872941020325e-06 9.212377116272196245e-06 1.339434096176170418e-05 1.835054378097311623e-05 2.407982043860859239e-05 3.058100612347761755e-05 3.785293593197981525e-05 4.589444463406462487e-05
2.026127012621143156e-02 2.660395757173661911e-07 1.407305086174890369e-06 3.376686818358504619e-06 6.172907964136424288e-06 9.794691446264097354e-06 1.424076021128407099e-05 1.950983735950586719e-05 2.560064544655546139e-05 3.251190739136924430e-05 4.024234599536203222e-05 4.879068372808631319e-05
2.057469156047839892e-02 2.828754995105272784e-07 1.496339201435104709e-06 3.590244200158220443e-06 6.563190607888161083e-06 1.041377825460738724e-05 1.514060699029613594e-05 2.074227680999130263e-05 2.721738718614657521e-05 3.456453790093566970e-05 4.278232865573688710e-05 5.186935879786543606e-05
2.089296130854039618e-02 3.007764806510625181e-07 1.591003281583325792e-06 3.817298777104727974e-06 6.978128140421610815e-06 1.107195624695853206e-05 1.609724799036958465e-05 2.205246840671615295e-05 2.893608199350847476e-05 3.674655356360074376e-05 4.548234784646534553e-05 5.514192920589008814e-05
2.121615436892684489e-02 3.198098591673046981e-07 1.691653056785936889e-06 4.058702711407111121e-06 7.419276054818648886e-06 1.177169000549089323e-05 1.711426149509850269e-05 2.344530763763441527e-05 3.076314482427006569e-05 3.906609002520037660e-05 4.835245996066309761e-05 5.862057098389942135e-05
2.154434690031884619e-02 3.400472292262112504e-07 1.798666708069115527e-06 4.315361882759633350e-06 7.888287789230802075e-06 1.251559913354720044e-05 1.819545062865453005e-05 2.492599716578949788e-05 3.270539291438889719e-05 4.153179259736459805e-05 5.140335070509952558e-05 6.231822134571167937e-05
2.187761623949553008e-02 3.615647075939167829e-07 1.912446280955707123e-06 4.588239265114296075e-06 8.386920873549514238e-06 1.330646797071384385e-05 1.934485742337038156e-05 2.650006627479673023e-05 3.477007082332700801e-05 4.415284793397241953e-05 5.464637423169724467e-05 6.624862594943451734e-05
2.221604091955811655e-02 3.844432188624990742e-07 2.033419189190121550e-06 4.878358517996213167e-06 8.917043463578657475e-06 1.414725591666538230e-05 2.056677776185090418e-05 2.817339106186421584e-05 3.696487710643656723e-05 4.693901777977108975e-05 5.809359467391505839e-05 7.042638904412384059e-05
2.255970068843575829e-02 4.087687989029410997e-07 2.162039811922409038e-06 5.186807798877205698e-06 9.480641281303195072e-06 1.504110839298189735e-05 2.186577725216821058e-05 2.995221614107633390e-05 3.929799260108918604e-05 4.990067469451765542e-05 6.175783023909874145e-05 7.486702670484111075e-05
2.290867652767773419e-02 4.346329170145334591e-07 2.298791192117815231e-06 5.514743817772984404e-06 1.007982497659815816e-05 1.599136847292358343e-05 2.324670808215203565e-05 3.184317769437878984e-05 4.177811045849373666e-05 5.304884008851437594e-05 6.565270001588480436e-05 7.958702332990089990e-05
2.326305067153626102e-02 4.621328187827406331e-07 2.444186840392737781e-06 5.863396143673433266e-06 1.071683801133917186e-05 1.700158932484726229e-05 2.471472692617023619e-05 3.385332778513534764e-05 4.441446803783322686e-05 5.639522450200451574e-05 6.979267363690077610e-05 8.460389156991838708e-05
2.362290662634461760e-02 4.913718901152871785e-07 2.598772653583699521e-06 6.234071780067931906e-06 1.139406490720536458e-05 1.807554724642362792e-05 2.627531395607717491e-05 3.599016031346881166e-05 4.721688076452480666e-05 5.995227040578507541e-05 7.419312400315037151e-05 8.993623597474990016e-05
2.398832919019489723e-02 5.224600446641135174e-07 2.763128952146867735e-06 6.628160028491350019e-06 1.211404013878504294e-05 1.921725569339788092e-05 2.793429303736476329e-05 3.826163863002597626e-05 5.019577807075208397e-05 6.373319762874441851e-05 7.887038323658371178e-05 9.560382047214347205e-05
2.435940447292027008e-02 5.555141349288383738e-07 2.937872646096555772e-06 7.047137654045597740e-06 1.287945751155457600e-05 2.043098008614321347e-05 2.969785316797613086e-05 4.067622464537069360e-05 5.336224155337124003e-05 6.775205156425970936e-05 8.384180204313458325e-05 1.016276399924307766e-04
2.473621991638621370e-02 5.906583899948876857e-07 3.123659537343719533e-06 7.492574374737415510e-06 1.369318014145457494e-05 2.172125355780034689e-05 3.157257125297155040e-05 4.324290993614364942e-05 5.672804548809268606e-05 7.202375433622419285e-05 8.912581271792515563e-05 1.080299964399477979e-04
2.511886431509579437e-02 6.280248800764037502e-07 3.321186764904312614e-06 7.966138693670764880e-06 1.455825105280129986e-05 2.309289367303004662e-05 3.356543627787945218e-05 4.597124869257970386e-05 6.030569976977778762e-05 7.656415910394123823e-05 9.474199597233708061e-05 1.148345793043365485e-04
2.550742783711359291e-02 6.677540108929761416e-07 3.531195404650587391e-06 8.469604094886211615e-06 1.547790443632856246e-05 2.455102018784006328e-05 3.568387498221967113e-05 4.887139247494779831e-05 6.410849560636393523e-05 8.139010768008472969e-05 1.007111519119117390e-04 1.220665511523125706e-04
2.590200204531323963e-02 7.099950486512078383e-07 3.754473231387873959e-06 9.004855626921230211e-06 1.645557760816394633e-05 2.610107391071490288e-05 3.793577912255668158e-05 5.195412788477476182e-05 6.815055393488728835e-05 8.651949167224423523e-05 1.070553751882276919e-04 1.297526383138488130e-04
2.630267991895381477e-02 7.549066781515500178e-07 3.991857653592271134e-06 9.573896894545240081e-06 1.749492371037120861e-05 2.774883672749064480e-05 4.032953440139970514e-05 5.523091522530556088e-05 7.244687681046906946e-05 9.197131735367211343e-05 1.137981348675991006e-04 1.379212270598094273e-04
2.670955587558985350e-02 8.026575960656558301e-07 4.244238832664960037e-06 1.017885748952692090e-05 1.859982520194509864e-05 2.950045286919852409e-05 4.287405119797212778e-05 5.871393092409467915e-05 7.701340186224880284e-05 9.776577450151291459e-05 1.209643590774703428e-04 1.466024656032722086e-04
2.712272579332028130e-02 8.534271413128684982e-07 4.512562996464294147e-06 1.082200088315171189e-05 1.977440818390346363e-05 3.136245149147710094e-05 4.557879717762174841e-05 6.241611161160637072e-05 8.186706035579336869e-05 1.039243094011779668e-04 1.285805247954719364e-04 1.558283722502680989e-04
2.754228703338166065e-02 9.074059651353916766e-07 4.797835960661299840e-06 1.150573280830732580e-05 2.102305761823667767e-05 3.334177065098292741e-05 4.845383191810467475e-05 6.635120142179841841e-05 8.702583835411917279e-05 1.104697023165838928e-04 1.366747530849960694e-04 1.656329500864410010e-04
2.796833846309077637e-02 9.647967431157152894e-07 5.101126870386368593e-06 1.223261016676746291e-05 2.235043348454100867e-05 3.544578276082504701e-05 5.150984365530390596e-05 7.053380181033267143e-05 9.250884204835196022e-05 1.174261496386211524e-04 1.452769100754036917e-04 1.760523085547554775e-04
2.840098047914215232e-02 1.025814931975800847e-06 5.423572175489264456e-06 1.300535048833676844e-05 2.376148794112906541e-05 3.768232161710248675e-05 5.475818829406908442e-05 7.497942472216001769e-05 9.833636681190091025e-05 1.248193510358726506e-04 1.544187140521834274e-04 1.871247923399557375e-04
2.884031503126605750e-02 1.090689573841896507e-06 5.766379853818900487e-06 1.382684197945551509e-05 2.526148354733050380e-05 4.005971109024258062e-05 5.821093080228484449e-05 7.970454885910173046e-05 1.045299705564918524e-04 1.326766018675226732e-04 1.641338489852824209e-04 1.988911180193195000e-04
2.928644564625237229e-02 1.159664150796676060e-06 6.130833899086704903e-06 1.470015419409855477e-05 2.685601261090129793e-05 4.258679557973223584e-05 6.188088915679566034e-05 8.472667937237954858e-05 1.111125514044056857e-04 1.410268911866444336e-04 1.744580849046957439e-04 2.113945188244157236e-04
2.973947745234606366e-02 1.232997493194447849e-06 6.518299088152605687e-06 1.562854936987141246e-05 2.855101773591091656e-05 4.527297234905048868e-05 6.578168096388807378e-05 9.006441131588702729e-05 1.181084303384851174e-04 1.499010056593313750e-04 1.854294054984899863e-04 2.246808981216782887e-04
3.019951720402016052e-02 1.310964744867724306e-06 6.930226046058441868e-06 1.661549446697041646e-05 3.035281363397663996e-05 4.812822584130833892e-05 6.992777291958502067e-05 9.573749675330067959e-05 1.255434384276205571e-04 1.593316397514862664e-04 1.970881433703834576e-04 2.387989920228367061e-04
3.066667330713183579e-02 1.393858388577564176e-06 7.368156627239434539e-06 1.766467395323346377e-05 3.226811028511029152e-05 5.116316410511010721e-05 7.433453340033295976e-05 1.017669162313297938e-04 1.334450098489992141e-04 1.693535125072023295e-04 2.094771233091023905e-04 2.538005416655039433e-04
3.114105584446759736e-02 1.481989336053065368e-06 7.833729631268600581e-06 1.878000338188507326e-05 3.430403752517386133e-05 5.438905745295772589e-05 7.901828802722398707e-05 1.081749542389045529e-04 1.418422802378354480e-04 1.800034914836273737e-04 2.226418143082728419e-04 2.697404757421112626e-04
3.162277660168379134e-02 1.575688086040614583e-06 8.328686875976837691e-06 1.996564380967660388e-05 3.646817114845028783e-05 5.781787948927472119e-05 8.399637886685921788e-05 1.149852794751729279e-04 1.507661908189162096e-04 1.913207237820883585e-04 2.366304904439200571e-04 2.866771038404963075e-04
3.211194909364823574e-02 1.675305954863757691e-06 8.854879647461527171e-06 2.122601711067492026e-05 3.876856061620623429e-05 6.146235064726395306e-05 8.928722709668409643e-05 1.222230301303142848e-04 1.602495991451607341e-04 2.033467753655908254e-04 2.514944014025669483e-04 3.046723212053310229e-04
3.260868859118933732e-02 1.781216383945520029e-06 9.414275552887824415e-06 2.256582223169020636e-05 4.121375846989009783e-05 6.533598439141328335e-05 9.491039951322989619e-05 1.299149037084255194e-04 1.703273962072078139e-04 2.161257783485551860e-04 2.672879532023687658e-04 3.237918255953209259e-04
3.311311214825911342e-02 1.893816329262640589e-06 1.000896579807396634e-05 2.399005245870136635e-05 4.381285154856106218e-05 6.945313623610784482e-05 1.008866790762087673e-04 1.380892530992982865e-04 1.810366308024711091e-04 2.297045872142681046e-04 2.840688994728654982e-04 3.441053468863571898e-04
3.362533862951628399e-02 2.013527737387523081e-06 1.064117291906311368e-05 2.550401374432834976e-05 4.657549412513221638e-05 7.382905575993936403e-05 1.072381397303999180e-04 1.467761877199355895e-04 1.924166411516825223e-04 2.441329442674309159e-04 3.018985440420069084e-04 3.656868901610304937e-04
3.414548873833600506e-02 2.140799113998074556e-06 1.131325899251669779e-05 2.711334416809102577e-05 4.951194307521679714e-05 7.847994177964124349e-05 1.139882257499969231e-04 1.560076812466626504e-04 2.045091944678973143e-04 2.594636550232770796e-04 3.208419557623593790e-04 3.886149930081600370e-04
3.467368504525316503e-02 2.276107191361356159e-06 1.202773435763619720e-05 2.882403459898293685e-05 5.263309519415469896e-05 8.342300089182948816e-05 1.211618358855478590e-04 1.658176854317466680e-04 2.173586347780952016e-04 2.757527737532602875e-04 3.409681955151393218e-04 4.129729978568430016e-04
3.521005201684521135e-02 2.419958694479879739e-06 1.278726687745661976e-05 3.064245062759804407e-05 5.595052680083346318e-05 8.867650956070011550e-05 1.287854125819548417e-04 1.762422507237255650e-04 2.310120399022228866e-04 2.930598002177043021e-04 3.623505568107896401e-04 4.388493401912285392e-04
3.575471604506212653e-02 2.572892227141528019e-06 1.359469177638350715e-05 3.257535584932491347e-05 5.947653576311060463e-05 9.425987998390698440e-05 1.368870365799399835e-04 1.873196551189298346e-04 2.455193868536309216e-04 3.114478878975942221e-04 3.850668204144869320e-04 4.663378532726347768e-04
3.630780547701013827e-02 2.735480272109312899e-06 1.445302208624800385e-05 3.462993657882690042e-05 6.322418608564189389e-05 1.001937299320510352e-04 1.454965271863613015e-04 1.990905388347951623e-04 2.609337281898167988e-04 3.309840643772624601e-04 4.091995237831664266e-04 4.955380909293678878e-04
3.686945064519575599e-02 2.908331302667679235e-06 1.536545973948143855e-05 3.681382808457323762e-05 6.720735521326909952e-05 1.064999568360415087e-04 1.546455485995079919e-04 2.115980486598380565e-04 2.773113779599190878e-04 3.517394648847037048e-04 4.348362461766902207e-04 5.265556685039896349e-04
3.743978389823810621e-02 3.092092050170086513e-06 1.633540734864627798e-05 3.913514243150349861e-05 7.144078422150111304e-05 1.132018163323373830e-04 1.643677225702524722e-04 2.248879898812444409e-04 2.947121089449802954e-04 3.737895792423508840e-04 4.620699103059361639e-04 5.595026236067257444e-04
3.801893963205612431e-02 3.287449893400233340e-06 1.736648071512171705e-05 4.160249803271151938e-05 7.594013105219389885e-05 1.203240055485928168e-04 1.746987478207478854e-04 2.390089880181649488e-04 3.131993612975429980e-04 3.972145133066882876e-04 4.909991013986891341e-04 5.944977974945768158e-04
3.860705432153813121e-02 3.495135404639020184e-06 1.846252211062773590e-05 4.422505099788662274e-05 8.072202698604286672e-05 1.278927514093086638e-04 1.856765265956529499e-04 2.540126596688491341e-04 3.328404640598415978e-04 4.220992657683919928e-04 5.217284046534664994e-04 6.316672392717370080e-04
3.920426655270151800e-02 3.715925052301330383e-06 1.962761437859174334e-05 4.701252884109997698e-05 8.580413653720383223e-05 1.359359042487748217e-04 1.973412987387274608e-04 2.699537930127606780e-04 3.537068683716346543e-04 4.485340205177680930e-04 5.543687620427696682e-04 6.711446264798084970e-04
3.981071705534973415e-02 3.950644072757837538e-06 2.086609590435436001e-05 4.997526419384647553e-05 9.120522097769213671e-05 1.444830370297683225e-04 2.097357837563572152e-04 2.868905403034188533e-04 3.758743956761573658e-04 4.766144565170300036e-04 5.890378495345025781e-04 7.130717260750666243e-04
4.042654873623443418e-02 4.200169519159332937e-06 2.218257651176671648e-05 5.312423460722619190e-05 9.694520569695366601e-05 1.535655505275615917e-04 2.229053312999428776e-04 3.048846195206859487e-04 3.994234994508626536e-04 5.064420752289744854e-04 6.258604757807925863e-04 7.575988602675766360e-04
4.105190671273078323e-02 4.465433501271855997e-06 2.358195433438659797e-05 5.647110077660660507e-05 1.030452516368081926e-04 1.632167847806704250e-04 2.368980805609599831e-04 3.240015306621768835e-04 4.244395422774476434e-04 5.381245464697809525e-04 6.649690034716382965e-04 8.048854093998973136e-04
4.168693834703354750e-02 4.747426624622561252e-06 2.506943372944606271e-05 6.002824909131228255e-05 1.095278310247347546e-04 1.734721372047147751e-04 2.517651290823634904e-04 3.443107818252939194e-04 4.510130896092519304e-04 5.717760747889485485e-04 7.065037944813679907e-04 8.551003480729437540e-04
4.233179328088208793e-02 5.047201644888240431e-06 2.665054428805037790e-05 6.380883637295922152e-05 1.164168076658572134e-04 1.843691877283589636e-04 2.675607115024539791e-04 3.658861306790411557e-04 4.792402193794178156e-04 6.075177860568874589e-04 7.506136799957517820e-04 9.084228002015919297e-04
4.298662347082276430e-02 5.365877346878446366e-06 2.833116101882597205e-05 6.782683733203272798e-05 1.237375220618246088e-04 1.959478313864114832e-04 2.843423888208520709e-04 3.888058380472848765e-04 5.092228501634085691e-04 6.454781365232597134e-04 7.974564572794367451e-04 9.650426307781772434e-04
4.365158322401661156e-02 5.704642665520409902e-06 3.011752576559981222e-05 7.209709489937222591e-05 1.315168816335993834e-04 2.082504187494081617e-04 3.021712487564322865e-04 4.131529384811190070e-04 5.410690877413959965e-04 6.857933444748447790e-04 8.471994135310494415e-04 1.025161069025389265e-03
4.432682923460088548e-02 6.064761061250759905e-06 3.201626993980964735e-05 7.663537361063232748e-05 1.397834563386261613e-04 2.213219046674880751e-04 3.211121177975675154e-04 4.390155240968554974e-04 5.748935920982817943e-04 7.286078462907424934e-04 9.000198795263617381e-04 1.088991365493418824e-03
4.501252062061336656e-02 6.447575165659523906e-06 3.403443864517835304e-05 8.145841621543565712e-05 1.485675800092079281e-04 2.352100058224286050e-04 3.412337856519031577e-04 4.664870465372208215e-04 6.108179637537909006e-04 7.740747787113104158e-04 9.561058134027174225e-04 1.156759485375730319e-03
4.570881896148751983e-02 6.854511715129810778e-06 3.617951627828822135e-05 8.658400370532560704e-05 1.579014577308529002e-04 2.499653675068693338e-04 3.626092427039985110e-04 4.956666350148351699e-04 6.489711538215207649e-04 8.223564868567322279e-04 1.015656416685244449e-03 1.228704838497969142e-03
4.641588833612779463e-02 7.287086788755801577e-06 3.845945369066954515e-05 9.203101896485678488e-05 1.678192796049410480e-04 2.656417402506484849e-04 3.853159312483445034e-04 5.266594333160241892e-04 6.894898960648584334e-04 8.736250614296038608e-04 1.078882783774025257e-03 1.305081049202080814e-03
4.713389536157405052e-02 7.746911369415105807e-06 4.088269701352187732e-05 9.781951424635123768e-05 1.783573412753571767e-04 2.822961667467607902e-04 4.094360112758859338e-04 5.595769556948153832e-04 7.325191631263001718e-04 9.280629054023485864e-04 1.146008586910245890e-03 1.386156767237095187e-03
4.786300923226385201e-02 8.235697248926179657e-06 4.345821823572514856e-05 1.039707827075264868e-04 1.895541715943323930e-04 2.999891797393800809e-04 4.350566414830147818e-04 5.945374630525479282e-04 7.782126485683415248e-04 9.858633309000480478e-04 1.217270798259311414e-03 1.472216521374726961e-03
4.860340175990218725e-02 8.755263294878304445e-06 4.619554764325269389e-05 1.105074342339371557e-04 2.014506678289011926e-04 3.187850114097522439e-04 4.622702764837954164e-04 6.316663602932686555e-04 8.267332765594534666e-04 1.047231190284472237e-03 1.292920449980398566e-03 1.563561618190256568e-03
4.935524741394806125e-02 9.307542105677028341e-06 4.910480823548980258e-05 1.174534758052159347e-04 2.140902388553808731e-04 3.387518149421436982e-04 4.911749809440739455e-04 6.710966159127271105e-04 8.782537370612207139e-04 1.112383539898898583e-03 1.373223436020235780e-03 1.660511087677417124e-03
5.011872336272724798e-02 9.894587073453541362e-06 5.219675222520474603e-05 1.248343966621751294e-04 2.275189567638666050e-04 3.599618989179492507e-04 5.218747617446607007e-04 7.129692054192052295e-04 9.329570540383160231e-04 1.181550341504736994e-03 1.458461355332157450e-03 1.763402677864468618e-03
5.089400951518088800e-02 1.051857988139760800e-05 5.548279975834567783e-05 1.326772585567956471e-04 2.417857173727448966e-04 3.824919752380456415e-04 5.544799188165262013e-04 7.574335793149520853e-04 9.910371817633803395e-04 1.254975198548259835e-03 1.548932399425935946e-03 1.872593900630054996e-03
5.168128856326035386e-02 1.118183846118595751e-05 5.897507997315655943e-05 1.410107913705612923e-04 2.569424101309739626e-04 4.064234213134821977e-04 5.891074159443016349e-04 8.046481566573053306e-04 1.052699635413238124e-03 1.332916135085534951e-03 1.644952287662852829e-03 1.988463130545970511e-03
5.248074602497728586e-02 1.188682543989687397e-05 6.268647454470748707e-05 1.498654944169166170e-04 2.730440979470600323e-04 4.318425572929265313e-04 6.258812724043936451e-04 8.547808467768488062e-04 1.118162154924741674e-03 1.415646413190246129e-03 1.746855247476939181e-03 2.111410759675194041e-03
5.329257028812002528e-02 1.263615710134574906e-05 6.663066386015179118e-05 1.592737437504255908e-04 2.901492074734212724e-04 4.588409391345301433e-04 6.649329765544058314e-04 9.080095987345250530e-04 1.187655404547402222e-03 1.503455394894636634e-03 1.854995050640705296e-03 2.241860408971833862e-03
5.411695265464637472e-02 1.343261289928613052e-05 7.082217597158129449e-05 1.692699058149424712e-04 3.083197304499128905e-04 4.875156683543386128e-04 7.064019224710758188e-04 9.645229813380577907e-04 1.261423710499661073e-03 1.596649447888096084e-03 1.969746094495361272e-03 2.380260201170869387e-03
5.495408738576248314e-02 1.427914555014767052e-05 7.527643850274968421e-05 1.798904578060038680e-04 3.276214366874919933e-04 5.179697193448890621e-04 7.504358708985823427e-04 1.024520794284029075e-03 1.339725836655689985e-03 1.695552900069919981e-03 2.091504545252816094e-03 2.527084094283488756e-03
5.580417174769963795e-02 1.517889174307793197e-05 8.000983366835029453e-05 1.911741151181329179e-04 3.481240993420945035e-04 5.503122852036629450e-04 7.971914356320152070e-04 1.088214712714892637e-03 1.422835802006634613e-03 1.800509039582167889e-03 2.220689533174919662e-03 2.682833280570018093e-03
5.666740605819913651e-02 1.613518350234106945e-05 8.503975659820452171e-05 2.031619662693252295e-04 3.699017331431466772e-04 5.846591429796816567e-04 8.468345966517788499e-04 1.155828966436113882e-03 1.511043740370388586e-03 1.911881169659822473e-03 2.357744408734995228e-03 2.848037651822827795e-03
5.754399373371569398e-02 1.715156024344140001e-05 9.038467714844134414e-05 2.158976157363394889e-04 3.930328462602845864e-04 6.211330394170963814e-04 8.995412412465226626e-04 1.227601054246700921e-03 1.604656804972971621e-03 2.030053714089942538e-03 2.503138059560336068e-03 3.023257333774146023e-03
5.843414133735175264e-02 1.823178156129439393e-05 9.606420540997457290e-05 2.294273351321621582e-04 4.176007065637573311e-04 6.598640981581308440e-04 9.554977349187956633e-04 1.303782497918990185e-03 1.704000118872725468e-03 2.155433378205993435e-03 2.657366291025159248e-03 3.209084291724423766e-03
5.933805862753280952e-02 1.937984079629269193e-05 1.020991611249637260e-04 2.438002231804955045e-04 4.436936230294350044e-04 7.009902496280483435e-04 1.014901522468386391e-03 1.384639634049271428e-03 1.809417776004200364e-03 2.288450367725992484e-03 2.820953272260475191e-03 3.406144009600771839e-03
6.025595860743578058e-02 2.059997942395971090e-05 1.085116472329578671e-04 2.590683750013258839e-04 4.714052430744105791e-04 7.446576845481564641e-04 1.077961762053710826e-03 1.470454448320374476e-03 1.921273889009856217e-03 2.429559666671672700e-03 2.994453051003248718e-03 3.615097244581980378e-03
6.118805757518219063e-02 2.189670231602292607e-05 1.153251277864111976e-04 2.752870611798435624e-04 5.008348666967799056e-04 7.910213324687322741e-04 1.144899992742542906e-03 1.561525452698921557e-03 2.039953693407326081e-03 2.579242377090187454e-03 3.178451136648685529e-03 3.836641859348242749e-03
6.213457517480758252e-02 2.327479392570450039e-05 1.225645104889171166e-04 2.925149171870856241e-04 5.320877781772269648e-04 8.402453663944690074e-04 1.215950837630014108e-03 1.658168607293346915e-03 2.165864703807628914e-03 2.738007122204041792e-03 3.373566157647400494e-03 4.071514733968663660e-03
6.309573444801933051e-02 2.473933545014606245e-05 1.302562341081135180e-04 3.108141436923731816e-04 5.652755967456196727e-04 8.925037348572048210e-04 1.291362743815303079e-03 1.760718289652004730e-03 2.299437928780410749e-03 2.906391516285948377e-03 3.580451592031082698e-03 4.320493759160412388e-03
6.407176188675536843e-02 2.629572303044078787e-05 1.384283610557342844e-04 3.302507183761332421e-04 6.005166459868583467e-04 9.479807227152572827e-04 1.371398761249759861e-03 1.869528312769950422e-03 2.441129142875648160e-03 3.084963702201436783e-03 3.799797574778522244e-03 4.584399913020080833e-03
6.506288748655573995e-02 2.794968704515816450e-05 1.471106754104607880e-04 3.508946198341711094e-04 6.379363445209822441e-04 1.006871542100208150e-03 1.456337361838609028e-03 1.984972993632294711e-03 2.591420219665322051e-03 3.274323958820609705e-03 4.032332783131563521e-03 4.864099421015444930e-03
6.606934480075961347e-02 2.970731256729218031e-05 1.563347867051434643e-04 3.728200642449484435e-04 6.776676178547587446e-04 1.069382954859273262e-03 1.546473300746228300e-03 2.107448275031348437e-03 2.750820530136117471e-03 3.475106381441056200e-03 4.278826402197189079e-03 5.160506005244383521e-03
6.709137099554111916e-02 3.157506104685488306e-05 1.661342397837568883e-04 3.961057554576083114e-04 7.198513329193699994e-04 1.135733928031341759e-03 1.642118521617462685e-03 2.237372901377906835e-03 2.919868403124074429e-03 3.687980635676543079e-03 4.540090171973219617e-03 5.474583215414132592e-03
6.812920690579615801e-02 3.355979329585974272e-05 1.765446310901986769e-04 4.208351492161726669e-04 7.646367563081177656e-04 1.206156323746017953e-03 1.743603107602245727e-03 2.375189653401093420e-03 3.099132654732604172e-03 3.913653789217673429e-03 4.816980518255471744e-03 5.807346852642760772e-03
6.918309709189365830e-02 3.566879384656368484e-05 1.876037317211278073e-04 4.470967322570830026e-04 8.121820374411146048e-04 1.280895625201750390e-03 1.851276279947363041e-03 2.521366638820605501e-03 3.289214186047609983e-03 4.152872218111506447e-03 5.110400765910877441e-03 6.159867478336094118e-03
7.025328989730521279e-02 3.790979676491847985e-05 1.993516176323187523e-04 4.749843170449274390e-04 8.626547177801907780e-04 1.360211700518661583e-03 1.965507446162128961e-03 2.676398646272563648e-03 3.490747653533308840e-03 4.406423596725738724e-03 5.421303441969924780e-03 6.533273012701076334e-03
7.134003750712564207e-02 4.029101300360636800e-05 2.118308073945785591e-04 5.045973529561487581e-04 9.162322673746970412e-04 1.444379605219749943e-03 2.086687299479954988e-03 2.840808561242893961e-03 3.704403210900174704e-03 4.675138964845584194e-03 5.750692658241582725e-03 6.928751419992113490e-03
7.244359600749902817e-02 4.282115938105706039e-05 2.250864078920082481e-04 5.360412547528506638e-04 9.731026500220219888e-04 1.533690426558674547e-03 2.215228971853832728e-03 3.015148847154173681e-03 3.930888326193635041e-03 4.959894880098674776e-03 6.099626586463430256e-03 7.347553481136942510e-03
7.356422544596413760e-02 4.550948928184670155e-05 2.391662684232346691e-04 5.694277492103204732e-04 1.033464918345003555e-03 1.628452169581341659e-03 2.351569242020185978e-03 3.200003092687927955e-03 4.170949675391413120e-03 5.261615651949524616e-03 6.469220017173766234e-03 7.790995652548060937e-03
7.470218989273319510e-02 4.836582517582383172e-05 2.541211436359900938e-04 6.048752408056019651e-04 1.097529840190792239e-03 1.728990688229128546e-03 2.496169800813519569e-03 3.395987629154547955e-03 4.425375112854930751e-03 5.581275659641862091e-03 6.860647004561236037e-03 8.260463006618430637e-03
7.585775750291835762e-02 5.140059305848065018e-05 2.700048657821260711e-04 6.425091974330799597e-04 1.165520557672247107e-03 1.835650662306273495e-03 2.649518576090771019e-03 3.603753216971502301e-03 4.694995727985749358e-03 5.919901755748750022e-03 7.275143597004679608e-03 8.757412255325983455e-03
7.703120057972147328e-02 5.462485892347615068e-05 2.868745267934667094e-04 6.824625570968883680e-04 1.237673280571790959e-03 1.948796622418890335e-03 2.812131117650225765e-03 3.823986805325980520e-03 4.980687967443103194e-03 6.278575754122175077e-03 7.714010652348105533e-03 9.283374848382748221e-03
7.822279563860029539e-02 5.805036738204042671e-05 3.047906706859007382e-04 7.248761566249308560e-04 1.314238014968732542e-03 2.068814024629903135e-03 2.984552045992792165e-03 4.057413365117400021e-03 5.283375855638859989e-03 6.658437000544009839e-03 8.178616732925927946e-03 9.839960146517476997e-03
7.943282347242813790e-02 6.168958254582936323e-05 3.238174968569358094e-04 7.698991834426022500e-04 1.395479329438115926e-03 2.196110376700443224e-03 3.167356565452681717e-03 4.304797797590047791e-03 5.604033285166156765e-03 7.060685028069640934e-03 8.670401081125990797e-03 1.042885866037074338e-02
8.066156921766134968e-02 6.555573130758671771e-05 3.440230748333482271e-04 8.176896515074491426e-04 1.481677159706459032e-03 2.331116417595073369e-03 3.361152043813584334e-03 4.566946919106988113e-03 5.943686395228343217e-03 7.486582295569564789e-03 9.190876669842810293e-03 1.105184535321407716e-02
8.190932242152976217e-02 6.966284914632386480e-05 3.654795710600783907e-04 8.684149025278510353e-04 1.573127653685230196e-03 2.474287352215920853e-03 3.566579659975615667e-03 4.844711524346365615e-03 6.303416031047805006e-03 7.937457005512137814e-03 9.741633324956797124e-03 1.171078299397644053e-02
8.317637711026708291e-02 7.402582860014739544e-05 3.882634883750754802e-04 9.222521336355828840e-04 1.670144058338634847e-03 2.626104143061681190e-03 3.784316121512226305e-03 5.138988526614408914e-03 6.684360283851057544e-03 8.414705998430855108e-03 1.032434091242807710e-02 1.240762555867833822e-02
8.446303185839687533e-02 7.866047055587698758e-05 4.124559188041615997e-04 9.793889527017997018e-04 1.773057649961681673e-03 2.787074860506175058e-03 4.015075453297549564e-03 5.450723178626850490e-03 7.087717111053657044e-03 8.919797727344087879e-03 1.094075258713942365e-02 1.314442166496830947e-02
8.576958985908941790e-02 8.358353850620562654e-05 4.381428102746760030e-04 1.040023962562189840e-03 1.882218710135433485e-03 2.957736093616062691e-03 4.259610858488520335e-03 5.780911371831133280e-03 7.514747040728382045e-03 9.454275293475254346e-03 1.159270809333524249e-02 1.392331803162396436e-02
8.709635899560805306e-02 8.881281594071487138e-05 4.654152481957865161e-04 1.104367375362691212e-03 1.997997547467218315e-03 3.138654422891241393e-03 4.518716653757214909e-03 6.130602015342421530e-03 7.966775945440953549e-03 1.001975955798739375e-02 1.228213710765034897e-02 1.474656294801748868e-02
8.844365191385998581e-02 9.436716703891316431e-05 4.943697523025131820e-04 1.172641658404347626e-03 2.120785568770114805e-03 3.330427956787365001e-03 4.793230277855690599e-03 6.500899493471449554e-03 8.445197896036106197e-03 1.061795230842403452e-02 1.301106261946864164e-02 1.561650973971367637e-02
8.981178609606946250e-02 1.002666008454347585e-04 5.251085897743121116e-04 1.245082212751184945e-03 2.250996402333420819e-03 3.533687933230359075e-03 5.084034376586670997e-03 6.892966202332768966e-03 8.951478090266478879e-03 1.125063947940527567e-02 1.378160433287892693e-02 1.653562021107377392e-02
9.120108393559096804e-02 1.065323391128543499e-04 5.577401053135043734e-04 1.321938085989628545e-03 2.389067060742299138e-03 3.749100388203165362e-03 5.392058962950335710e-03 7.308025160151835481e-03 9.487155835884070881e-03 1.191969441952378181e-02 1.459598207700999774e-02 1.750646805303638504e-02
9.261187281287937278e-02 1.131868880114273140e-04 5.923790690371419712e-04 1.403472720541754310e-03 2.535459181479552196e-03 3.977367891157872204e-03 5.718283653127727469e-03 7.747362695980279310e-03 1.005384760908531634e-02 1.262708119230203201e-02 1.545651921486511371e-02 1.853174218814839999e-02
9.404448517263518104e-02 1.202541138233117151e-04 6.291470430138733187e-04 1.489964738896707797e-03 2.690660298176566004e-03 4.219231350329287651e-03 6.063739978173505150e-03 8.212331208570325738e-03 1.065325016158492552e-02 1.337485790574933185e-02 1.636564603075602378e-02 1.961425002999122799e-02
9.549925860214358853e-02 1.277593233489025522e-04 6.681727673371385713e-04 1.581708767219476780e-03 2.855185180457306317e-03 4.475471887462792453e-03 6.429513770549299262e-03 8.704351993274092245e-03 1.128714367975363828e-02 1.416518005716531012e-02 1.732590307943744287e-02 2.075692063822402386e-02
9.697653591082495972e-02 1.357293479727116406e-04 7.095925666258530006e-04 1.679016298770861539e-03 3.029577229061631519e-03 4.746912783073352522e-03 6.816747625446867645e-03 9.224918135989877699e-03 1.195739498327764126e-02 1.500030386880790365e-02 1.833994447419136017e-02 2.196280773638436407e-02
9.847666521101583470e-02 1.441926333244616856e-04 7.535507779225036158e-04 1.782216598570785047e-03 3.214409930858700120e-03 5.034421493450055851e-03 7.226643432976056526e-03 9.775597465986935256e-03 1.266596075650280873e-02 1.588258961942777894e-02 1.941054109771249772e-02 2.323509256100267026e-02
1.000000000000000056e-01 1.531793335042497750e-04 8.002002009237951146e-04 1.891657650766900584e-03 3.410288373966207428e-03 5.338911737721343219e-03 7.660464982452528694e-03 1.035803556352877380e-02 1.341489079951590883e-02 1.681450493700839544e-02 2.054058370278910930e-02 2.457708650938558032e-02
1.015468992433080642e-01 1.627214106438764360e-04 8.497025715532063785e-04 2.007707150177683725e-03 3.617850825034583766e-03 5.661345657245559111e-03 8.119540633766587565e-03 1.097395881628953143e-02 1.420633129007541247e-02 1.779862804378579480e-02 2.173308588185360671e-02 2.599223355695584603e-02
1.031177274593055443e-01 1.728527399790122604e-04 9.022290598940440947e-04 2.130753539328662013e-03 3.837770369323873464e-03 6.002736045870916276e-03 8.605266052973988347e-03 1.162517751413221813e-02 1.504252803804853600e-02 1.883765092670613636e-02 2.299118687663582322e-02 2.748411238797932379e-02
1.047128548050899610e-01 1.836092207371983732e-04 9.579607935475489573e-04 2.261207092671073393e-03 4.070756614694083855e-03 6.364148649067945251e-03 9.119107009611517739e-03 1.231358897715440111e-02 1.592582972222819984e-02 1.993438241394309557e-02 2.431815418621262326e-02 2.905643821435766397e-02
1.063326571637161627e-01 1.950288929836886524e-04 1.017089407460474966e-03 2.399501049018593068e-03 4.317557460196382382e-03 6.746704532933894133e-03 9.662602231439131051e-03 1.304118070410859899e-02 1.685869108866981658e-02 2.109175112772128727e-02 2.571738594857208779e-02 3.071306422881749446e-02
1.079775162327709925e-01 2.071520611001478884e-04 1.079817621337646975e-03 2.546092793804346274e-03 4.578960929815975057e-03 7.151582520226486966e-03 1.023736629218148855e-02 1.381003353046482938e-02 1.784367609309578731e-02 2.231280829110623976e-02 2.719241305057700300e-02 3.245798264012385304e-02
1.096478196143185063e-01 2.200214237084561651e-04 1.146359845767134502e-03 2.701465092372487813e-03 4.855797071609887529e-03 7.580021690056034170e-03 1.084509257896317143e-02 1.462232478481067903e-02 1.888346096739647317e-02 2.360073035336436240e-02 2.874690093094629112e-02 3.429532524429635548e-02
1.113439609062361335e-01 2.336822107396974244e-04 1.216942818158684401e-03 2.866127375545013053e-03 5.148939922370385745e-03 8.033323941181041289e-03 1.148755626037556432e-02 1.548033142514347593e-02 1.998083718253259103e-02 2.495882140223922019e-02 3.038465102638776907e-02 3.622936346846539202e-02
1.130663397949639298e-01 2.481823278326923655e-04 1.291806269694357936e-03 3.040617078612300496e-03 5.459309537568429738e-03 8.512856616853779063e-03 1.216661729510823062e-02 1.638643314391884445e-02 2.113871429072053387e-02 2.639051533056797905e-02 3.210960180996294544e-02 3.826450783614399748e-02
1.148153621496882937e-01 2.635725084457194497e-04 1.371203624411055071e-03 3.225501034844487514e-03 5.787874085969036721e-03 9.020055163143563676e-03 1.288422345978942202e-02 1.734311542152423488e-02 2.236012261014183600e-02 2.789937770652433507e-02 3.392582938753777727e-02 4.040530677746986821e-02
1.165914401179831694e-01 2.799064740279555191e-04 1.455402731633403555e-03 3.421376924447595575e-03 6.135652008023702482e-03 9.556425878944150437e-03 1.364241337942109257e-02 1.835297250543728442e-02 2.364821572963264271e-02 2.948910732222102815e-02 3.583754756813731929e-02 4.265644473933633690e-02
1.183949922229302204e-01 2.972411026636636580e-04 1.544686632863790862e-03 3.628874779808685756e-03 6.503714236650908788e-03 1.012354866765351191e-02 1.444331955015700289e-02 1.941871030073069604e-02 2.500627279361017363e-02 3.116353736489672899e-02 3.784910739042251365e-02 4.502273949606943465e-02
1.202264434617413141e-01 3.156366064080586942e-04 1.639354364433781531e-03 3.848658547713094524e-03 6.893186478625305119e-03 1.072307984646856012e-02 1.528917134502763217e-02 2.054314914146944393e-02 2.643770053827602245e-02 3.292663616068625815e-02 3.996499600057121931e-02 4.750913861309304098e-02
1.220862254059071200e-01 3.351567181101047744e-04 1.739721796935077237e-03 4.081427709058021817e-03 7.305251554253416185e-03 1.135675498084278909e-02 1.618229797665818662e-02 2.172922641795054302e-02 2.794603503797248034e-02 3.478250745011209066e-02 4.218983485133418615e-02 5.012071498089852584e-02
1.239747763028944683e-01 3.558688876079075451e-04 1.846122512703532144e-03 4.327918956333090018e-03 7.741151792522351499e-03 1.202639173925044991e-02 1.712513141336405656e-02 2.297999903606023214e-02 2.953494311829263017e-02 3.673539013188099889e-02 4.452837714252563805e-02 5.286266132417489355e-02
1.258925411794167559e-01 3.778444881047777972e-04 1.958908722460687285e-03 4.588907929017086058e-03 8.202191478224958934e-03 1.273389275908110192e-02 1.812020922218221530e-02 2.429864567112274831e-02 3.120822339742489529e-02 3.878965741864336819e-02 4.698550442256015786e-02 5.574028363709356004e-02
1.278399719463023665e-01 4.011590330004201582e-04 2.078452222217680619e-03 4.865211006732073594e-03 8.689739346971819475e-03 1.348124851148320424e-02 1.917017729301930332e-02 2.568846879021823362e-02 3.296980690453474999e-02 4.094981534877646656e-02 4.956622230181512850e-02 5.875899342580030021e-02
1.298175275049849586e-01 4.258924036521940615e-04 2.205145391540918112e-03 5.157687159689427689e-03 9.205231123279752209e-03 1.427054015378540798e-02 2.027779249907815662e-02 2.715289640007323077e-02 3.482375722741943430e-02 4.322050058771170766e-02 5.227565517573162790e-02 6.192429870399495523e-02
1.318256738556407293e-01 4.521290885111405901e-04 2.339402234218787568e-03 5.467239855769107960e-03 9.750172096150058060e-03 1.510394235477704149e-02 2.144592516228549517e-02 2.869548348920236344e-02 3.677427013749283435e-02 4.560647744991936509e-02 5.511903990238011669e-02 6.524179364065946229e-02
1.338648842069993239e-01 4.799584340889210057e-04 2.481659462297832169e-03 5.794819023103176155e-03 1.032613972556756764e-02 1.598372607878457627e-02 2.267756137563156985e-02 3.031991312467387581e-02 3.882567263396232565e-02 4.811263407823414273e-02 5.810171833836907246e-02 6.871714677965398699e-02
1.359356390878525556e-01 5.094749082373967435e-04 2.632377624409110769e-03 6.141423066697589313e-03 1.093478627279095838e-02 1.691226131050457132e-02 2.397580512284113244e-02 3.202999712273592314e-02 4.098242135058810520e-02 5.074397770631616095e-02 6.122912866650416508e-02 7.235608774473367699e-02
1.380384264602885214e-01 5.407783761975111904e-04 2.792042279262983186e-03 6.508100937299234924e-03 1.157784144600701622e-02 1.789201970254071863e-02 2.534388016705683283e-02 3.382967634392674422e-02 4.324910027402535662e-02 5.350562892984724733e-02 6.450679542104632846e-02 7.616439235356504966e-02
1.401737418346770125e-01 5.739743899197719164e-04 2.961165214990004943e-03 6.895954250107444450e-03 1.225711505195284205e-02 1.892557712641913803e-02 2.678513167660113992e-02 3.572302043617471556e-02 4.563041766436443103e-02 5.640281491379013634e-02 6.794031814201846597e-02 8.014786605208357173e-02
1.423420883864341679e-01 6.091744911232818867e-04 3.140285715098881623e-03 7.306139450565762340e-03 1.297449964320808793e-02 2.001561610317387913e-02 2.830302755010363769e-02 3.771422706823580190e-02 4.813120221278225502e-02 5.944086146766988654e-02 7.153535856801337967e-02 8.431232560334418757e-02
1.445439770745927943e-01 6.464965285858497715e-04 3.329971871303347760e-03 7.739870023804474274e-03 1.373197314933894374e-02 2.116492809218052662e-02 2.990115940380367460e-02 3.980762056255643389e-02 5.075639824444515974e-02 6.262518386425233730e-02 7.529762630396713563e-02 8.866357895734679195e-02
1.467799267622069692e-01 6.860649901701708006e-04 3.530821944007454197e-03 8.198418743857738278e-03 1.453160147922092325e-02 2.237641560956568632e-02 3.158324317828347522e-02 4.200764987740739781e-02 5.351105998491403892e-02 6.596127643901064652e-02 7.923286283664104923e-02 9.320740320416437408e-02
1.490504643386195982e-01 7.280113500494435124e-04 3.743465770864064495e-03 8.683119957982937329e-03 1.537554108014470115e-02 2.365309415185619726e-02 3.335311932304577814e-02 4.431888587772369464e-02 5.640034478747759511e-02 6.945470074664158999e-02 8.334682394391895732e-02 9.794952064785150680e-02
1.513561248436208762e-01 7.724744316332446533e-04 3.968566221611772964e-03 9.195371900876263271e-03 1.626604143831702695e-02 2.499809389145753874e-02 3.521475251201045681e-02 4.674601783884613920e-02 5.942950525230928510e-02 7.311107230882268881e-02 8.764526027771032957e-02 1.028955728289224075e-01
1.536974515935271846e-01 8.196007866771251073e-04 4.206820702482253795e-03 9.736639032669176450e-03 1.720544750359447039e-02 2.641466111560307126e-02 3.717223084017730328e-02 4.929384911419527893e-02 6.260388017110229963e-02 7.693604583596937163e-02 9.213389616950522221e-02 1.080510925493817775e-01
1.560749963092111503e-01 8.695450910307643035e-04 4.458962706491353609e-03 1.030845439399749597e-02 1.819620201992717609e-02 2.790615937261431423e-02 3.922976445937742529e-02 5.196729190715580760e-02 6.592888421883844052e-02 8.093529886633536730e-02 9.681840656605955608e-02 1.134214738416634422e-01
1.584893192461114264e-01 9.224705575004292805e-04 4.725763410885880887e-03 1.091242197039926642e-02 1.924084774162471145e-02 2.947607029001885967e-02 4.139168358730049152e-02 5.477136108260324820e-02 6.940999632784505824e-02 8.511451375100595462e-02 1.017043920506176952e-01 1.190119398826395974e-01
1.609409893262535307e-01 9.785493662599678826e-04 5.008033320309875254e-03 1.155021905750533082e-02 2.034202951340492380e-02 3.112799402707659702e-02 4.366243584771677816e-02 5.771116694784970969e-02 7.305274667102602815e-02 8.947935792829728174e-02 1.067973519183284259e-01 1.248275088506248243e-01
1.634305842723137725e-01 1.037963113246795658e-03 5.306623954663125357e-03 1.222359861748651029e-02 2.150249619096731776e-02 3.286564932123304389e-02 4.604658288211564005e-02 6.079190694449974203e-02 7.686270219408987414e-02 9.403546243873056598e-02 1.121026552868807924e-01 1.308729577630290131e-01
1.659586907437560488e-01 1.100903276924394521e-03 5.622429580038867600e-03 1.293439161627197957e-02 2.272510237723406740e-02 3.469287308653300206e-02 4.854879617571379591e-02 6.401885617711268461e-02 8.084545062670470128e-02 9.878839862907433378e-02 1.176255102270265390e-01 1.371527843287996817e-01
1.685259044750751778e-01 1.167571703825401666e-03 5.956388980956367311e-03 1.368450932990753280e-02 2.401280994707577152e-02 3.661361952039108442e-02 5.117385203449033998e-02 6.739735672243186981e-02 8.500658292034232733e-02 1.037436530133803853e-01 1.233709309231756646e-01 1.436711668951951015e-01
1.711328304161781055e-01 1.238181113182708305e-03 6.309487272036485260e-03 1.447594560731947123e-02 2.536868933231459927e-02 3.863195867279230894e-02 5.392662566795775742e-02 7.093280564865199478e-02 8.935167405565465348e-02 1.089066002707159003e-01 1.293437028892742424e-01 1.504319225704357221e-01
1.737800828749375415e-01 1.312955620970502214e-03 6.682757745839166576e-03 1.531077907564165445e-02 2.679592053662462059e-02 4.075207443109082200e-02 5.681208430345150578e-02 7.463064169274644111e-02 9.388626218003234825e-02 1.142824743577073310e-01 1.355483462814541240e-01 1.574384636486311495e-01
1.764682856619500806e-01 1.392131283631898144e-03 7.077283754288934449e-03 1.619117527313489180e-02 2.829779384831078784e-02 4.297826187179526469e-02 5.983527928163408921e-02 7.849633053129673188e-02 9.861582602769225492e-02 1.198763377499164062e-01 1.419890773671354245e-01 1.646937524789595930e-01
1.791980722375333956e-01 1.475956661658753668e-03 7.494200620146290563e-03 1.711938869304446484e-02 2.987771021739260222e-02 4.531492392949381526e-02 6.300133707617207313e-02 8.253534859384509259e-02 1.035457606037905876e-01 1.256930488161945025e-01 1.486697682429398149e-01 1.722002549499401236e-01
1.819700858609983596e-01 1.564693403373980081e-03 7.934697574175702747e-03 1.809776472118481208e-02 3.153918126184343529e-02 4.776656733255593007e-02 6.631544917334901423e-02 8.675316537755303758e-02 1.086813511059398357e-01 1.317372273733164456e-01 1.555939049076118519e-01 1.799598928003661169e-01
1.847849797422291551e-01 1.658616848574490316e-03 8.400019713707315358e-03 1.912874144795028569e-02 3.328582886596581636e-02 5.033779775445575838e-02 6.978286076353792944e-02 9.115522421161693922e-02 1.140277450827234251e-01 1.380132184612296864e-01 1.627645438212873552e-01 1.879739949848328040e-01
1.876434171956085639e-01 1.758016652645063042e-03 8.891469977257929896e-03 2.021485133471668388e-02 3.512138433293682249e-02 5.303331412928633665e-02 7.340885819144039870e-02 9.574692144136263960e-02 1.195899228308314743e-01 1.445250544216168109e-01 1.701842671202539181e-01 1.962432483693384300e-01
1.905460717963247397e-01 1.863197430654561955e-03 9.410411129457230128e-03 2.135872271291166732e-02 3.704968705193110307e-02 5.585790208056928136e-02 7.719875511227675124e-02 1.005335840118037477e-01 1.253726660581173935e-01 1.512764153675312806e-01 1.778551366686188240e-01 2.047676480471635474e-01
1.934936275390953253e-01 1.974479421486436802e-03 9.958267750225064177e-03 2.256308109248445978e-02 3.907468263920815116e-02 5.881642641275337119e-02 8.115787731368544200e-02 1.055204454223627186e-01 1.313805248418757343e-01 1.582705881635611267e-01 1.857786471725919319e-01 2.135464476177920956e-01
1.964867789993468006e-01 2.092199171734396117e-03 1.053652821872135860e-02 2.383075025623568322e-02 4.120042051175739489e-02 6.191382261641063811e-02 8.529154616306101888e-02 1.107126200581115966e-01 1.376177829453630319e-01 1.655104240563329554e-01 1.939556785953678308e-01 2.225781097814408804e-01
1.995262314968879735e-01 2.216710239028509867e-03 1.114674669007936943e-02 2.516465311326638102e-02 4.343105085109518620e-02 6.515508733942040887e-02 8.960506064410946048e-02 1.161150758975508929e-01 1.440884215583723427e-01 1.729982951213093201e-01 2.023864481600886611e-01 2.318602576561709649e-01
2.026127012621143364e-01 2.348383914355908157e-03 1.179054504838438627e-02 2.656781228531387290e-02 4.577082091490135979e-02 6.854526777924449532e-02 9.410367796280710850e-02 1.217326056154255931e-01 1.507960815598699544e-01 1.807360497155631462e-01 2.110704622352323756e-01 2.413896272297021695e-01
2.057469156047840031e-01 2.487609962798881854e-03 1.246961483260715375e-02 2.804335039784913025e-02 4.822407065342399629e-02 7.208944995423778590e-02 9.879259269469629900e-02 1.275697961173262729e-01 1.577440244102683298e-01 1.887249671569228293e-01 2.200064684496901568e-01 2.511620214077743274e-01
2.089296130854039757e-01 2.634797381973699986e-03 1.318571912267888294e-02 2.959449004573953476e-02 5.079522758847130476e-02 7.579274581503772645e-02 1.036769144753281469e-01 1.336309965522929633e-01 1.649350918123589915e-01 1.969657118695136433e-01 2.291924083923666533e-01 2.611722661266898671e-01
2.121615436892684559e-01 2.790375177338372606e-03 1.394069437522125164e-02 3.122455340422522138e-02 5.348880091297126410e-02 7.966027917495642485e-02 1.087616442231597175e-01 1.399202848657603859e-01 1.723716642981509284e-01 2.054582872669159788e-01 2.386253712898880053e-01 2.714141690361634440e-01
2.154434690031884481e-01 2.954793153334525895e-03 1.473645219698296351e-02 3.293696145296213379e-02 5.630937477040992567e-02 8.369717036020396517e-02 1.140516489145780715e-01 1.464414329795459269e-01 1.800556189153606212e-01 2.142019896735610773e-01 2.483015490780638712e-01 2.818804812532919035e-01
2.187761623949552869e-01 3.128522719192286788e-03 1.557498104305454940e-02 3.473523278142221643e-02 5.926160067489182753e-02 8.790851972913443779e-02 1.195516349295918518e-01 1.531978706922757782e-01 1.879882862221887163e-01 2.231953625974642252e-01 2.582161933039073265e-01 2.925628627311774310e-01
2.221604091955811655e-01 3.312057708057813098e-03 1.645834782664856374e-02 3.662298194232748577e-02 6.235018903451117894e-02 9.229938981919097452e-02 1.252661200069238867e-01 1.601926484222736813e-01 1.961704068127013978e-01 2.324361517081700024e-01 2.683635743151486786e-01 3.034518517588348785e-01
2.255970068843577148e-01 3.505915207822870965e-03 1.738869942532571614e-02 3.860391732090695527e-02 6.557989974359867968e-02 9.687478627728157710e-02 1.311994038521116235e-01 1.674283989289584995e-01 2.046020876228240304e-01 2.419212608812820742e-01 2.787369432117263734e-01 3.145368391424738785e-01
2.290867652767773488e-01 3.710636401959815488e-03 1.836826406860281313e-02 4.068183848499423022e-02 6.895553181218591621e-02 1.016396375149035691e-01 1.373555374688022190e-01 1.749072981681820405e-01 2.132827582862173721e-01 2.516467097076203197e-01 2.893284970421029501e-01 3.258060475802632139e-01
2.326305067153626172e-01 3.926787418149444917e-03 1.939935259057053510e-02 4.286063298399532540e-02 7.248191200520855138e-02 1.065987731009987588e-01 1.437382912890776132e-01 1.826310254566918811e-01 2.222111278310379689e-01 2.616075928588602606e-01 3.001293477393866538e-01 3.372465167511970452e-01
2.362290662634462801e-01 4.154960183577372131e-03 2.048435953017374578e-02 4.514427256230699875e-02 7.616388246801927830e-02 1.117569009119575296e-01 1.503511221920714735e-01 1.906007231420598358e-01 2.313851420361301703e-01 2.717980417500127088e-01 3.111294952886618503e-01 3.488440946079994220e-01
2.398832919019490972e-01 4.395773281720963786e-03 2.162576406148835478e-02 4.753680875573456505e-02 8.000628732006707933e-02 1.171185830776451664e-01 1.571971395273000505e-01 1.988169559863033897e-01 2.408019417615026303e-01 2.822111889197260748e-01 3.223178056147953385e-01 3.605834353289558702e-01
2.435940447292027078e-01 4.649872811478283213e-03 2.282613073470394355e-02 5.004236783860975535e-02 8.401395820436036166e-02 1.226882107512082265e-01 1.642790702612791365e-01 2.072796705295273101e-01 2.504578226163495791e-01 2.928391355756372327e-01 3.336819936784758411e-01 3.724480043449897027e-01
2.473621991638621231e-01 4.917933243008776496e-03 2.408811000896039778e-02 5.266514509187275594e-02 8.819169878652938221e-02 1.284699777688199096e-01 1.715992233924633348e-01 2.159881545927171687e-01 2.603481963197613047e-01 3.036729227483369042e-01 3.452086121870546753e-01 3.844200907985676485e-01
2.511886431509580686e-01 5.200658268208416778e-03 2.541443855609716931e-02 5.540939836344082464e-02 9.254426820450359359e-02 1.344678532525775683e-01 1.791594537774956197e-01 2.249409973003168306e-01 2.704675541247618664e-01 3.147025065127858623e-01 3.568830464840150318e-01 3.964808277726159513e-01
2.550742783711359429e-01 5.498781640628756101e-03 2.680793931515763895e-02 5.827944089473730688e-02 9.707636347769557639e-02 1.406855532460987157e-01 1.869611256116675002e-01 2.341360498263163892e-01 2.808094326913366801e-01 3.259167376443497521e-01 3.686895158422656693e-01 4.086102204118113312e-01
2.590200204531323824e-01 5.813068004691877323e-03 2.827152127584225613e-02 6.127963338990864706e-02 1.017926008924320003e-01 1.471265114630334325e-01 1.950050755672649294e-01 2.435703871782098351e-01 2.913663827917397087e-01 3.373033463019395883e-01 3.806110816442448419e-01 4.207871822103289028e-01
2.630267991895383073e-01 6.144313704916568898e-03 2.980817896973480055e-02 6.441437530708783721e-02 1.066974963897662776e-01 1.537938492464952511e-01 2.032915760358314505e-01 2.532402713236963643e-01 3.021299412521031291e-01 3.488489319257120358e-01 3.926296627016570007e-01 4.329895793992264985e-01
2.670955587558985211e-01 6.493347574428239358e-03 3.142099164692806201e-02 6.768809535530331822e-02 1.117954449909289577e-01 1.606903449265420780e-01 2.118202984998366623e-01 2.631411159690043022e-01 3.130906064448100712e-01 3.605389588938053280e-01 4.047260579554116666e-01 4.451942834072449284e-01
2.712272579332028477e-01 6.861031696284125916e-03 3.311312211587084248e-02 7.110524118406165439e-02 1.170906993053655171e-01 1.678184025171950144e-01 2.205902773310752241e-01 2.732674533090871938e-01 3.242378178872238892e-01 3.723577582188548618e-01 4.168799767211544549e-01 4.573772311637993582e-01
2.754228703338167383e-01 7.248262132652200963e-03 3.488781522646084571e-02 7.467026825856504235e-02 1.225873471768843537e-01 1.751800201436070903e-01 2.295998742358204281e-01 2.836129030831773257e-01 3.355599400831054124e-01 3.842885356080893433e-01 4.290700765618206680e-01 4.695134929885983466e-01
2.796833846309077498e-01 7.655969616231125471e-03 3.674839596959368626e-02 7.838762791665758456e-02 1.282892885330684241e-01 1.827767581608241709e-01 2.388467435866263866e-01 2.941701441832472175e-01 3.470442511334321245e-01 3.963133861397129531e-01 4.412740087659442478e-01 4.815773474990527325e-01
2.840098047914215162e-01 8.085120197937294487e-03 3.869826717844117997e-02 8.226175461229320862e-02 1.342002115147508945e-01 1.906097072001479431e-01 2.483277988863397678e-01 3.049308893239084939e-01 3.586769363806349142e-01 4.084133157584312612e-01 4.534684713070567530e-01 4.935423629906799392e-01
2.884031503126607276e-01 8.536715844522365509e-03 4.074090680567009348e-02 8.629705235420656595e-02 1.403235679705863437e-01 1.986794562994635971e-01 2.580391806136327348e-01 3.158858628359319520e-01 3.704430874014025821e-01 4.205682697285215155e-01 4.656292690457718431e-01 5.053814844831340247e-01
2.928644564625237368e-01 9.011794979402642375e-03 4.287986475943993125e-02 9.049788035617117865e-02 1.466625484151523606e-01 2.069860612932141186e-01 2.679762257122663138e-01 3.270247820783724890e-01 3.823267066106831868e-01 4.327571680977778668e-01 4.777313808027737752e-01 5.170671255053523874e-01
2.973947745234606366e-01 9.511432959622267286e-03 4.511875927841819262e-02 9.486853792306110256e-02 1.532200565725464758e-01 2.155290136438223203e-01 2.781334389037304344e-01 3.383363426883705949e-01 3.943107177370562266e-01 4.449579481465102404e-01 4.897490327976418700e-01 5.285712635312024288e-01
3.019951720402017648e-01 1.003674248151499235e-02 4.746127282960307253e-02 9.941324860359614102e-02 1.599986835164724230e-01 2.243072098995603503e-01 2.885044662466771936e-01 3.498082079570871139e-01 4.063769823185121033e-01 4.571476136991077244e-01 5.016557778075000362e-01 5.398655378300692975e-01
3.066667330713183648e-01 1.058887390722053692e-02 4.991114751043991549e-02 1.041361436495837345e-01 1.670006817950327460e-01 2.333189219659855540e-01 2.990820709475904837e-01 3.614270025949146703e-01 4.185063223787451880e-01 4.693022910641666545e-01 5.134245792440046419e-01 5.509213483612105389e-01
3.114105584446759667e-01 1.116901550391395659e-02 5.247217994978638916e-02 1.090412448294314357e-01 1.742279393177041114e-01 2.425617683776317424e-01 3.098581118332138229e-01 3.731783111017794585e-01 4.306785493457363501e-01 4.813972912628831646e-01 5.250278992055830152e-01 5.617099542272657731e-01
3.162277660168379412e-01 1.177839358699211622e-02 5.514821568519281958e-02 1.141324466523199466e-01 1.816819534066523578e-01 2.520326867542527771e-01 3.208235246387922124e-01 3.850466809953043690e-01 4.428724992159661089e-01 4.934071780700366450e-01 5.364377894061814755e-01 5.722025701211091997e-01
3.211194909364823991e-01 1.241827255888487344e-02 5.794314301923644828e-02 1.194134980682278330e-01 1.893638050497683800e-01 2.617279076292055584e-01 3.319683063340437279e-01 3.970156310155633639e-01 4.550660738866195709e-01 5.053058412662214671e-01 5.476259837446388890e-01 5.823704591506357886e-01
3.260868859118933871e-01 1.308995483357205773e-02 6.086088634024202498e-02 1.248879837176094659e-01 1.972741335155717146e-01 2.716429297746121851e-01 3.432815026866228858e-01 4.090676644873668666e-01 4.672362884946629769e-01 5.170665743584046403e-01 5.585639911513025080e-01 5.921850204409816465e-01
3.311311214825911065e-01 1.379478063789397677e-02 6.390539891614591128e-02 1.305593048132124845e-01 2.054131114784737699e-01 2.817724973113188147e-01 3.547511992358747257e-01 4.211842879192865818e-01 4.793593244988517132e-01 5.286621558805226773e-01 5.692231872415257632e-01 6.016178699812148034e-01
3.362533862951628261e-01 1.453412767856218819e-02 6.708065515167022097e-02 1.364306597439541302e-01 2.137804207897025521e-01 2.921105785905099839e-01 3.663645158575199456e-01 4.333460348969742637e-01 4.914105881391969133e-01 5.400649332471696429e-01 5.795749032325224759e-01 6.106409133339132378e-01
3.414548873833602727e-01 1.530941066691485740e-02 7.039064232477512673e-02 1.425050245008884220e-01 2.223752290836595036e-01 3.026503471115728483e-01 3.781076050491399831e-01 4.455324952600857036e-01 5.033647737897170016e-01 5.512469079914056325e-01 5.895905105460068629e-01 6.192264090696243395e-01
3.467368504525316641e-01 1.612208069162513954e-02 7.383935180757952854e-02 1.487851330290907992e-01 2.311961672484676988e-01 3.133841645602847281e-01 3.899656540620384249e-01 4.577223495023801658e-01 5.151959315948437812e-01 5.621798210890137648e-01 5.992414995402050026e-01 6.273470221366275190e-01
3.521005201684521135e-01 1.697362442040282332e-02 7.743076978944266053e-02 1.552734576186647064e-01 2.402413080168349646e-01 3.243035660818084920e-01 4.019228909802669558e-01 4.698934082551773916e-01 5.268775386528168347e-01 5.728352369608876726e-01 6.084995509046005058e-01 6.349758668530797179e-01
3.575471604506214596e-01 1.786556313408576083e-02 8.116886752237753577e-02 1.619721894514577487e-01 2.495081457312896822e-01 3.353992478901784979e-01 4.139625948226872687e-01 4.820226566407941893e-01 5.383825728651122633e-01 5.831846246621746888e-01 6.173365984232188630e-01 6.420865398007860048e-01
3.630780547701014105e-01 1.879945156817163301e-02 8.505759111484922919e-02 1.688832194283579335e-01 2.589935773850679523e-01 3.466610572858377926e-01 4.260671097037517785e-01 4.940863031964935481e-01 5.496835884404400741e-01 5.931994347180918892e-01 6.257248820846107451e-01 6.486531436648719229e-01
3.686945064519577264e-01 1.977687656264200122e-02 8.910085090561153942e-02 1.760081193962199364e-01 2.686938850536699785e-01 3.580779851669322889e-01 4.382178630738197134e-01 5.060598329626444514e-01 5.607527918995812710e-01 6.028511700722624100e-01 6.336369909011850821e-01 6.546503039494289133e-01
3.743978389823812702e-01 2.079945549752844347e-02 9.330251045643919716e-02 1.833481239061404422e-01 2.786047197922333907e-01 3.696381610582136767e-01 4.503953880065189597e-01 5.179180642315229788e-01 5.715621173039235892e-01 6.121114496821900008e-01 6.410458953334193799e-01 6.600531815533677849e-01
3.801893963205612570e-01 2.186883451123573796e-02 9.766637520673272788e-02 1.909041126257061960e-01 2.887210870480352853e-01 3.813288507054861110e-01 4.625793494665981775e-01 5.296352083222173324e-01 5.820832993182007975e-01 6.209520634477833090e-01 6.479249698596315499e-01 6.648374853796125139e-01
3.860705432153813121e-01 2.298668648337033257e-02 1.021961808405690980e-01 1.986765935286292362e-01 2.990373336336396570e-01 3.931364562503791293e-01 4.747485744420783527e-01 5.411849316318535497e-01 5.922879426332287034e-01 6.293450174103695227e-01 6.542480070826179883e-01 6.689794904557078148e-01
3.920426655270153882e-01 2.415470878673394925e-02 1.068955814237151358e-01 2.066656869818484510e-01 3.095471362774055435e-01 4.050465189880548267e-01 4.868810857650660573e-01 5.525404190687273065e-01 6.021475862284901837e-01 6.372625685303388021e-01 6.599892257446662303e-01 6.724560684667044708e-01
3.981071705534973137e-01 2.537462075977356055e-02 1.117681373720820770e-01 2.148711108392875047e-01 3.202434917501894018e-01 4.170437246998514591e-01 4.989541393782601642e-01 5.636744378383689025e-01 6.116337609605160264e-01 6.446772488581425931e-01 6.651232761909563473e-01 6.752447390050450027e-01
4.042654873623443001e-01 2.664816093630197058e-02 1.168173033234186503e-01 2.232921666483523304e-01 3.311187085378837214e-01 4.291119115321141986e-01 5.109442647283396477e-01 5.745594004155561985e-01 6.207180390372771805e-01 6.515618795909221550e-01 6.696252481418728530e-01 6.773237512845083907e-01
4.105190671273080683e-01 2.797708398553361633e-02 1.220464159847958890e-01 2.319277270566807159e-01 3.421644000312987766e-01 4.412340803876119155e-01 5.228273078770137028e-01 5.851674254044922918e-01 6.293720741037194255e-01 6.578895763325643964e-01 6.734706871141548090e-01 6.786722073198737659e-01
4.168693834703355305e-01 2.936315736416158367e-02 1.274586820393339426e-01 2.407762244990218625e-01 3.533714791485322859e-01 4.533924077702444766e-01 5.345784768150719790e-01 5.954703948732577024e-01 6.375676309366068439e-01 6.636337479281421148e-01 6.766356273755518291e-01 6.792702385956709277e-01
4.233179328088209070e-01 3.080815766699351865e-02 1.330571661988589061e-01 2.498356412215919642e-01 3.647301543228443910e-01 4.655682610117600206e-01 5.461723883501816701e-01 6.054400066623646381e-01 6.452766041541656561e-01 6.687680924566740126e-01 6.790966509571698673e-01 6.790992488561912177e-01
4.298662347082278790e-01 3.231386666519158596e-02 1.388447794934032364e-01 2.591035006882445035e-01 3.762299267534246483e-01 4.777422157821094584e-01 5.575831158009767474e-01 6.150478201203063433e-01 6.524710259122480371e-01 6.732665954158535415e-01 6.808309838127576397e-01 6.781422356494536396e-01
4.365158322401661017e-01 3.388206702027560940e-02 1.448242678937712857e-01 2.685768603780313013e-01 3.878595888096486033e-01 4.898940757569935633e-01 5.687842366116949711e-01 6.242652937321967466e-01 6.591230633051832211e-01 6.771035367168699581e-01 6.818166416359749959e-01 6.763842024490536176e-01
4.432682923460088964e-01 3.551453766247070903e-02 1.509982013673868695e-01 2.782523059903395102e-01 3.996072234696305125e-01 5.020028942800721650e-01 5.797488788067166610e-01 6.330638131977963656e-01 6.652050071567930933e-01 6.802535148997421732e-01 6.820326389683097901e-01 6.738126713204209972e-01
4.501252062061338877e-01 3.721304882351302024e-02 1.573689634684983796e-01 2.881259470004713941e-01 4.114602046683230041e-01 5.140469977902131227e-01 5.904497650912378104e-01 6.414147087110559919e-01 6.706892550496689198e-01 6.826914988261093553e-01 6.814592758487771906e-01 6.704183029693354667e-01
4.570881896148751844e-01 3.897935670830913329e-02 1.639387415681606563e-01 2.981934135310172485e-01 4.234051984279353920e-01 5.260040107776687845e-01 6.008592532347578619e-01 6.492892605198966605e-01 6.755482929075775633e-01 6.843929189884515596e-01 6.800785161493495545e-01 6.661956263997941274e-01
4.641588833612779741e-01 4.081519780488621074e-02 1.707095178244129874e-01 3.084498544383393881e-01 4.354281646449355003e-01 5.378508818529609270e-01 6.109493712132462173e-01 6.566586923330146597e-01 6.797546810842481912e-01 6.853338123452639152e-01 6.778744706443502466e-01 6.611438741832005306e-01
4.713389536157404636e-01 4.272228280835367598e-02 1.776830609997075427e-01 3.188899365182872314e-01 4.475143594124137425e-01 5.495639105258700585e-01 6.206918455125658429e-01 6.634941528269889810e-01 6.832810528686719120e-01 6.854910360822250581e-01 6.748339954912455640e-01 6.552679114687718354e-01
4.786300923226385340e-01 4.470229015614944623e-02 1.848609192194200779e-01 3.295078446679785555e-01 4.596483377625547040e-01 5.611187740885916764e-01 6.300581208838927916e-01 6.697666864218999594e-01 6.861001354221754056e-01 6.848425666996862393e-01 6.709474128714751906e-01 6.485792374883517786e-01
4.860340175990218725e-01 4.675685916412507248e-02 1.922444137715056955e-01 3.402972828498577740e-01 4.718139567212015217e-01 5.724905539049384151e-01 6.390193698564166080e-01 6.754471956852599046e-01 6.881848054542306636e-01 6.833679010617649263e-01 6.662093548084369043e-01 6.410970277874252776e-01
4.935524741394806680e-01 4.888758275342913739e-02 1.998346340297839641e-01 3.512514756561039841e-01 4.839943785755230765e-01 5.836537602141348424e-01 6.475464903896032132e-01 6.805063992116161531e-01 6.895081942670465702e-01 6.810485751897406015e-01 6.606197234953524733e-01 6.328491743778784651e-01
5.011872336272724660e-01 5.109599974535775080e-02 2.076324335815258604e-01 3.623631702558364753e-01 4.961720742354639446e-01 5.945823543813659739e-01 6.556100902560445531e-01 6.849147906370931516e-01 6.900438590197157662e-01 6.778688142818826146e-01 6.541847518171339804e-01 6.238732703768073984e-01
5.089400951518091576e-01 5.338358673513361047e-02 2.156384276260033817e-01 3.736246384861068304e-01 5.083288266362194774e-01 6.052497673229361164e-01 6.631804571170614171e-01 6.886426066263146017e-01 6.897660389692803484e-01 6.738163233219319759e-01 6.469181363705210908e-01 6.142174766845889256e-01
5.168128856326035248e-01 5.575174951674061880e-02 2.238529916925781349e-01 3.850276788327537392e-01 5.204457339883802325e-01 6.156289126088330121e-01 6.702275138326073689e-01 6.916598141695855517e-01 6.886500167400666506e-01 6.688832213553216333e-01 6.388422026838054268e-01 6.039412022272298008e-01
5.248074602497728725e-01 5.820181405746517600e-02 2.322762617164456367e-01 3.965636180359353169e-01 5.325032127961144557e-01 6.256921925224523395e-01 6.767207593882894612e-01 6.939361303488170707e-01 6.866726049989089198e-01 6.630671138165816769e-01 6.299890493911193268e-01 5.931155277651791735e-01
5.329257028812005581e-01 6.073501700922014079e-02 2.409081354809057829e-01 4.082233120522481551e-01 5.444810004024133177e-01 6.354114951439722159e-01 6.826291969701882012e-01 6.954410907793314722e-01 6.838127778200612239e-01 6.563722861154943633e-01 6.204016060652066678e-01 5.818233074883515377e-01
5.411695265464637750e-01 6.335249574832758912e-02 2.497482754186321763e-01 4.199971461065072353e-01 5.563581568297718549e-01 6.447581803300085346e-01 6.879212522863368262e-01 6.961441860755797073e-01 6.800524630191199238e-01 6.488109882232245829e-01 6.101345298153070251e-01 5.701588935770586231e-01
5.495408738576248453e-01 6.605527793774394751e-02 2.587961127327156885e-01 4.318750335793089534e-01 5.681130655179260636e-01 6.537030523354794287e-01 6.925646871679093097e-01 6.960150887023539568e-01 6.753775062930839068e-01 6.404047648371492540e-01 5.992548604300443893e-01 5.582274466969907589e-01
5.580417174769966016e-01 6.884427059167938512e-02 2.680508527628679416e-01 4.438464134896919489e-01 5.797234324744133804e-01 6.622163167626605729e-01 6.965265160159026525e-01 6.950239951389797222e-01 6.697788096551335890e-01 6.311857698491150082e-01 5.878423544947971591e-01 5.461438194004208935e-01
5.666740605819913235e-01 7.172024866821287425e-02 2.775114815082314612e-01 4.559002463642447545e-01 5.911662831457539236e-01 6.702675196091434362e-01 6.997729356633055620e-01 6.931421099593398916e-01 6.632536350597013630e-01 6.211979888425629426e-01 5.759894271150768352e-01 5.340310278186024551e-01
5.754399373371569260e-01 7.468384313116305240e-02 2.871767731395056256e-01 4.680250083183680188e-01 6.024179561055179599e-01 6.778254664472190827e-01 7.022692828399850207e-01 6.903422986519434090e-01 6.558070492145151587e-01 6.104982811758253858e-01 5.638006463198407259e-01 5.220183569875964658e-01
5.843414133735178595e-01 7.773552853272462648e-02 2.970452983480922904e-01 4.802086831755598140e-01 6.134540923796202305e-01 6.848581202651502498e-01 7.039800375693096024e-01 6.865999340774867621e-01 6.474534677089432977e-01 5.991571461492720685e-01 5.513917498180243015e-01 5.102391732486321052e-01
5.933805862753280813e-01 8.087561008098784199e-02 3.071154332704075784e-01 4.924387526199268672e-01 6.242496189042291421e-01 6.913324773741058582e-01 7.048688954186327349e-01 6.818939566141696274e-01 6.382182366786817163e-01 5.872591181107649216e-01 5.388881850580622412e-01 4.988285394176248944e-01
6.025595860743577781e-01 8.410421020416468385e-02 3.173853687360921882e-01 5.047021842218063492e-01 6.347787242351828896e-01 6.972144220378676538e-01 7.048989363661992691e-01 6.762081594748658997e-01 6.281391698100855514e-01 5.749027050789378146e-01 5.264232086525499898e-01 4.879207414892928196e-01
6.118805757518221977e-01 8.742125462278647896e-02 3.278531195031389456e-01 5.169854174064950625e-01 6.450148241949371641e-01 7.024685623339859131e-01 7.040329227829902337e-01 6.695326977263826862e-01 6.172679398948941465e-01 5.621998056941696076e-01 5.141356163408263846e-01 4.776468370014567699e-01
6.213457517480758252e-01 9.082645792712783217e-02 3.385165331036945058e-01 5.292743474128264181e-01 6.549305146875377126e-01 7.070580522592359030e-01 7.022337631388094747e-01 6.618658017612534250e-01 6.056712101874157650e-01 5.492745697479314293e-01 5.021672050111080088e-01 4.681323240544514319e-01
6.309573444801933606e-01 9.431930868664072098e-02 3.493732978703035230e-01 5.415543072526951551e-01 6.644975084114895791e-01 7.109444084811761266e-01 6.994651807694173273e-01 6.532156535011052201e-01 5.934313847825474220e-01 5.362617064314476600e-01 4.906600893777116612e-01 4.594950074815282726e-01
6.407176188675540729e-01 9.789905410656613016e-02 3.604209496606556873e-01 5.538100478329098797e-01 6.736865517128872716e-01 7.140873343989130317e-01 6.956926274026267176e-01 6.436023572484237398e-01 5.806468621051341650e-01 5.233042880632412519e-01 4.797540039223183728e-01 4.518431078642596854e-01
6.506288748655573162e-01 1.015646842657765697e-01 3.716568767467912648e-01 5.660257162520159202e-01 6.824673173689537187e-01 7.164445696542963704e-01 6.908844779146847692e-01 6.330599086418108312e-01 5.674316937880944378e-01 5.105511403075295718e-01 4.695837136747084140e-01 4.452736245661839676e-01
6.606934480075961069e-01 1.053149159662944423e-01 3.830783222893003881e-01 5.781848323170516446e-01 6.908082687373489073e-01 7.179717897783239877e-01 6.850135346255964430e-01 6.216380375275837311e-01 5.539145835608346724e-01 4.981539466849700948e-01 4.602766356278320536e-01 4.398709310854373999e-01
6.709137099554115524e-01 1.091481762594056493e-01 3.946823837736542218e-01 5.902702631876176609e-01 6.986764905106399581e-01 7.186225883654976387e-01 6.780588549544774857e-01 6.094037775638100340e-01 5.402372060429010414e-01 4.862642196592474320e-01 4.519507388462013497e-01 4.357055550270256816e-01
6.812920690579614691e-01 1.130625856901708859e-01 4.064660087520581278e-01 6.022641959000801792e-01 7.060374814093617335e-01 7.183485827844834359e-01 6.700078943773266626e-01 5.964426017495457755e-01 5.265518799323750665e-01 4.750302980334740188e-01 4.447127505998063057e-01 4.328330799763840941e-01
6.918309709189366385e-01 1.170559413631453716e-01 4.184259862160939480e-01 6.141481072611438830e-01 7.128549046496481800e-01 7.170996935116639159e-01 6.608589267893135721e-01 5.828589635856608053e-01 5.130186879205479444e-01 4.645945185474842920e-01 4.386566544842664395e-01 4.312931048492566477e-01
7.025328989730521556e-01 1.211256998936556112e-01 4.305589328453492404e-01 6.259027302524285963e-01 7.190902931117723051e-01 7.148246559069755257e-01 6.506236671508169866e-01 5.687761021932479233e-01 4.998021889073279711e-01 4.550906792432450332e-01 4.338624310903388404e-01 4.311082079679279255e-01
7.134003750712564207e-01 1.252689603791062034e-01 4.428612735918623922e-01 6.375080155865465725e-01 7.247027080689802947e-01 7.114718304000305915e-01 6.393299785688009162e-01 5.543350087983288654e-01 4.870679083719396396e-01 4.466418674282630619e-01 4.303949679988171573e-01 4.322828860763283099e-01
7.244359600749902262e-01 1.294824475140758380e-01 4.553292157354718594e-01 6.489430864318317393e-01 7.296483533438188340e-01 7.069903808663489109e-01 6.270245015140478717e-01 5.396925107358623297e-01 4.749788125663849114e-01 4.393586727356624810e-01 4.283030573697761967e-01 4.348024688453087094e-01
7.356422544596413760e-01 1.337624950036343519e-01 4.679587159278519870e-01 6.601861834891353809e-01 7.338801512049542008e-01 7.013318891960382828e-01 6.137750023311115966e-01 5.250185034245838933e-01 4.636919667586532068e-01 4.333377542296442120e-01 4.276184071786273133e-01 4.386320421542226344e-01
7.470218989273319510e-01 1.381050294720603810e-01 4.807454396154324794e-01 6.712145966199623004e-01 7.373472925403375955e-01 6.944524639938535193e-01 5.996722086985435407e-01 5.104924424928829474e-01 4.533555462283135329e-01 4.286606881526195956e-01 4.283546144631178998e-01 4.437154433499375661e-01
7.585775750291839925e-01 1.425055550577361552e-01 4.936847125240184098e-01 6.820045779977671474e-01 7.399947822225486638e-01 6.863153802765242784e-01 5.848308893674666331e-01 4.962992863915285380e-01 4.441063148909696334e-01 4.253929965266207702e-01 4.305060816560750681e-01 4.499744142077465869e-01
7.703120057972147050e-01 1.469591389536793469e-01 5.067714636889505408e-01 6.925312304067660074e-01 7.417630114524252916e-01 6.768942523196050942e-01 5.693899517331209026e-01 4.826251417988013381e-01 4.360676183832160047e-01 4.235832503441612218e-01 4.340468944734135470e-01 4.573080092124776619e-01
7.822279563860029539e-01 1.514603981834408974e-01 5.200001602944243073e-01 7.027683627887695295e-01 7.425874025252725552e-01 6.661766922073677488e-01 5.535113789491862279e-01 4.696528981802265412e-01 4.293478671903535049e-01 4.232621548174073656e-01 4.389297156836300395e-01 4.655923566321145679e-01
7.943282347242817121e-01 1.560034879087885407e-01 5.333647343573065802e-01 7.126883036294742180e-01 7.423981878628016506e-01 6.541683422838083795e-01 5.373779094141876156e-01 4.575581356624023321e-01 4.240394228642466179e-01 4.244415549058447867e-01 4.450847777160880092e-01 4.746808582155239709e-01
8.066156921766135524e-01 1.605820916575675383e-01 5.468585018580194301e-01 7.222616613631083204e-01 7.411204040788891279e-01 6.408970939181746207e-01 5.211894711381220846e-01 4.465055492893638678e-01 4.202177569347869679e-01 4.271133411056678431e-01 4.524190742550306399e-01 4.844048924889330920e-01
8.190932242152976217e-01 1.651894138834448522e-01 5.604740754234768252e-01 7.314570199348627844e-01 7.386742023642235422e-01 6.264172242028671622e-01 5.051585107642759809e-01 4.366460571086966391e-01 4.179407345497794246e-01 4.312482806830826298e-01 4.608158545540189110e-01 4.945750605314348514e-01
8.317637711026713010e-01 1.698181753244984438e-01 5.742032721310262877e-01 7.402405571954000507e-01 7.349755969427314017e-01 6.108131066920058361e-01 4.895044852524672030e-01 4.281146606198216742e-01 4.172478850882082035e-01 4.367948404558533726e-01 4.701345143986522257e-01 5.049829861988509583e-01
8.446303185839686423e-01 1.744606117309422388e-01 5.880370185983755382e-01 7.485755742624237152e-01 7.299377910657403046e-01 5.942020955451177144e-01 4.744478929756198449e-01 4.210290201869241189e-01 4.181595566743488424e-01 4.436780973593859589e-01 4.802109566058838097e-01 5.154036604566093471e-01
8.576958985908941235e-01 1.791084765586787309e-01 6.019652564154356345e-01 7.564219256064486085e-01 7.234732310155861379e-01 5.767361596494247067e-01 4.602042896125024818e-01 4.154886134001308795e-01 4.206759031477947941e-01 4.517988480771616411e-01 4.908584660001744648e-01 5.255983068361406163e-01
8.709635899560810302e-01 1.837530483633612044e-01 6.159768513472462237e-01 7.637353426281190405e-01 7.154965376304459612e-01 5.586018690259638708e-01 4.469787461561457453e-01 4.115742774599582265e-01 4.247757104645950577e-01 4.610330274801421324e-01 5.018691136903166150e-01 5.353177472694349293e-01
8.844365191385998859e-01 1.883851437236610804e-01 6.300595107650045490e-01 7.704666479109388844e-01 7.059284457089499698e-01 5.400184206613490856e-01 4.349611533507678485e-01 4.093479086248431043e-01 4.304151240840554671e-01 4.712315287711241751e-01 5.130156791195379373e-01 5.443062695934273165e-01
8.981178609606945695e-01 1.929951366484913833e-01 6.441997138431850844e-01 7.765608630634585063e-01 6.947008373972023421e-01 5.212335379403697511e-01 4.243226620821646811e-01 4.088521059205720287e-01 4.375263804953917757e-01 4.822204897679073232e-01 5.240540612380388819e-01 5.523060441305691626e-01
9.120108393559100968e-01 1.975729855727197115e-01 6.583826589839706367e-01 7.819562197384208879e-01 6.817628804672124510e-01 5.025172798758024140e-01 4.152133881189573605e-01 4.101095977012359506e-01 4.460166685046629831e-01 4.938020751879400594e-01 5.347261479746591162e-01 5.590622092944774746e-01
9.261187281287937001e-01 2.021082692026463512e-01 6.725922323673065861e-01 7.865830906129996913e-01 6.670881722177165463e-01 4.841540339539054938e-01 4.077613281135346601e-01 4.131223662690736709e-01 4.557672469028288820e-01 5.057557500789473526e-01 5.447631317534982198e-01 5.643288426576671402e-01
9.404448517263518381e-01 2.065902326351577167e-01 6.868109993394948543e-01 7.903628644625252386e-01 6.506826454319699637e-01 4.664332091072603825e-01 4.020722637641002684e-01 4.178704714607340831e-01 4.666329260322706896e-01 5.178400112358046981e-01 5.538893042968277003e-01 5.678761423862788149e-01
9.549925860214364404e-01 2.110078453198709070e-01 7.010202174253505891e-01 7.932067970810494639e-01 6.325928210215409075e-01 4.496393544489110661e-01 3.982303038200149525e-01 4.243106522554742077e-01 4.784419861455460610e-01 5.297945274809988669e-01 5.618264425203244317e-01 5.694992358216018902e-01
9.697653591082495694e-01 2.153498725416786441e-01 7.151998650385555933e-01 7.950148783506408856e-01 6.129138077327599410e-01 4.340425643197686756e-01 3.962986530089073201e-01 4.323748423494210846e-01 4.909965620375277284e-01 5.413426422701366203e-01 5.682990129563643134e-01 5.690290563390150158e-01
9.847666521101583470e-01 2.196049621150061859e-01 7.293286739440590916e-01 7.956747675423588850e-01 5.917962760294868119e-01 4.198900559705536217e-01 3.963202133817662065e-01 4.419687629194034018e-01 5.040734784589151474e-01 5.521942201898408786e-01 5.730405720847376871e-01 5.663456106893519637e-01
1.000000000000000000e+00 2.237617478613005140e-01 7.433841465515017566e-01 7.950608666632349442e-01 5.694515017904221432e-01 4.073997018616519195e-01 3.983177114063210511e-01 4.529707515486949831e-01 5.174254817820223007e-01 5.620488814080887296e-01 5.758019056991481310e-01 5.613936079991515005e-01
