# # 0th column LD, nth column infidelity for pure motion (n-1)
1.000000000000000021e-02 2.219931574482318981e-16 2.217924220085174531e-16 2.213326304234522105e-16 2.204057732237731141e-16 2.187561520966353342e-16 2.160343626194883525e-16 2.118105488453954299e-16 2.055720136735942241e-16 1.967217247345127620e-16 1.845828676294852660e-16 1.683936329434123030e-16
1.015468992433080087e-02 2.219848797435670257e-16 2.217522761806022186e-16 2.212151792781069549e-16 2.201351498925636027e-16 2.182126732214428179e-16 2.150401349955469935e-16 2.101166589675244607e-16 2.028444227290753225e-16 1.925275652783402907e-16 1.783770801976880347e-16 1.595051884475815004e-16
1.031177274593055374e-02 2.219752306562730158e-16 2.217054479343678807e-16 2.210782514672538507e-16 2.198196447693000000e-16 2.175787714161924595e-16 2.138810449183756951e-16 2.081419241903385726e-16 1.996646273068196535e-16 1.876381086237434761e-16 1.711425863983638157e-16 1.491432977368712804e-16
1.047128548050899575e-02 2.219639782211207146e-16 2.216508758353136726e-16 2.209186149057862202e-16 2.194518181034902671e-16 2.168400647651089518e-16 2.125297677874912029e-16 2.058397811889601598e-16 1.959576657209597122e-16 1.819381032057175549e-16 1.627088924240093371e-16 1.370639342155049065e-16
1.063326571637161072e-02 2.219508547976752786e-16 2.215872355772365156e-16 2.207325021344701889e-16 2.190229932260227214e-16 2.159785424175675628e-16 2.109544352517617496e-16 2.031559560149235130e-16 1.916361617615977638e-16 1.752932315706120239e-16 1.528772574951917271e-16 1.229822584204232235e-16
1.079775162327709960e-02 2.219355495285117414e-16 2.215130481772032330e-16 2.205155206765596774e-16 2.185230545738455220e-16 2.149744914824895119e-16 2.091179035312088528e-16 2.000271827349448240e-16 1.865982563359911224e-16 1.675468799855481922e-16 1.414160330362290511e-16 1.065669725154278655e-16
1.096478196143185063e-02 2.219177044815028872e-16 2.214265818034426787e-16 2.202625592070994231e-16 2.179402135836061445e-16 2.138036025115002957e-16 2.069768622050951833e-16 1.963796993930851815e-16 1.807251928917072140e-16 1.585165141309829101e-16 1.280549872514283209e-16 8.743116537789081033e-17
1.113439609062361405e-02 2.218969653901341148e-16 2.213257631911809313e-16 2.199676369947713060e-16 2.172607224368391094e-16 2.124387540894925613e-16 2.044808668527572910e-16 1.921275339331238566e-16 1.738785713734013026e-16 1.479893213957786244e-16 1.124796714684762756e-16 6.512407010624355793e-17
1.130663397949638674e-02 2.218726264084658014e-16 2.212082428441876010e-16 2.196238129373918283e-16 2.164685522282948911e-16 2.108475976266683355e-16 2.015710347911672444e-16 1.871704523737494777e-16 1.658970291791495388e-16 1.357172876847296386e-16 9.432302550949049453e-17 3.912027120826122961e-17
1.148153621496882971e-02 2.218443724920155920e-16 2.210712387859172904e-16 2.192229666516016902e-16 2.155450281478437402e-16 2.089928134262674650e-16 1.981787756341600027e-16 1.813916162753798050e-16 1.565924795641014159e-16 1.214112271688260951e-16 7.315729693145133813e-17 8.807287852762499182e-18
1.165914401179831729e-02 2.218113733999164216e-16 2.209115165685348327e-16 2.187556418860645627e-16 2.144683609300064983e-16 2.068302771906693717e-16 1.942241324068832522e-16 1.746548295480998286e-16 1.457456639006594596e-16 1.047341328752775738e-16 4.848392129918282483e-17 2.652871473942661204e-17
1.183949922229301718e-02 2.217728564321875059e-16 2.207253035782954476e-16 2.182108183779092011e-16 2.132131687250434868e-16 2.043091741114602198e-16 1.896138756678448412e-16 1.668013249426761175e-16 1.331010106072546467e-16 8.529309570976232652e-17 1.972180331251328980e-17 6.771989151287074022e-17
1.202264434617413176e-02 2.217279917753252035e-16 2.205082283329028186e-16 2.175756476082364219e-16 2.117498501796546321e-16 2.013701095498154582e-16 1.842393348129592881e-16 1.576460195627419038e-16 1.183605842137770039e-16 6.263023182242310030e-17 1.380646916341734459e-17 1.157361692430831618e-16
1.220862254059071166e-02 2.216756806334975097e-16 2.202551628215622485e-16 2.168351483894203084e-16 2.100438949117346206e-16 1.979437492524179999e-16 1.779738336200108943e-16 1.469731786694968378e-16 1.011771305205398384e-16 3.621162636389468735e-17 5.289049461122117340e-17 1.717083695057330923e-16
1.239747763028944093e-02 2.216146828114933749e-16 2.199601130122437800e-16 2.159718451517818426e-16 2.080550837096256504e-16 1.939493330695434460e-16 1.706697072887280108e-16 1.345313110041932340e-16 8.114581491148033899e-17 5.415112418837667364e-18 9.845053668256166353e-17 2.369535347292324569e-16
1.258925411794167490e-02 2.215435604444499254e-16 2.196161758482359071e-16 2.149653863423819109e-16 2.057365126979329449e-16 1.892924178674274469e-16 1.621548088842480077e-16 1.200272687132926244e-16 5.779477737117844819e-17 3.048459883573561161e-17 1.515594048917813988e-16 3.130077716090095517e-16
1.278399719463023734e-02 2.214606262942914968e-16 2.192151928600786350e-16 2.137920347977550187e-16 2.030335244803399239e-16 1.838640817038200171e-16 1.522284764638904036e-16 1.031193276978291796e-16 3.057401158079449353e-17 7.233293056292921807e-17 2.134674278481969079e-16 4.016614316925086075e-16
1.298175275049848892e-02 2.213639327084194855e-16 2.187573927435525510e-16 2.124241173254845733e-16 1.998823894690380817e-16 1.775355105761474873e-16 1.406567970828884027e-16 8.340916204593744275e-17 1.157635512626799533e-18 1.211153697463347790e-16 2.856326676983345034e-16 5.050008481473812332e-16
1.318256738556407466e-02 2.212511869143565706e-16 2.182126371568483099e-16 2.108293679087930525e-16 1.962088101629635066e-16 1.701578395823077229e-16 1.271671081929921991e-16 6.043247122735417158e-17 3.814744425719999171e-17 1.779802673316309381e-16 3.697525005182783967e-16 6.254572751467835541e-16
1.338648842069993343e-02 2.211197249308950027e-16 2.175775341783205115e-16 2.089701889263104489e-16 1.919261905252044514e-16 1.615571796144396929e-16 1.114415609505878260e-16 3.364800259918002835e-17 8.126653303615472073e-17 2.442665516424423781e-16 4.678069189964339991e-16 7.658672883102732071e-16
1.359356390878525486e-02 2.209664485023354846e-16 2.168371055418208473e-16 2.068027308897510917e-16 1.869335627729277658e-16 1.515308364705786893e-16 9.310966382967327237e-17 2.424904795563560576e-18 1.315302260175954865e-16 3.215346641681733110e-16 5.821048680508352849e-16 9.295324013217466046e-16
1.380384264602885214e-02 2.207877376724315068e-16 2.159738998254559704e-16 2.042758901186916802e-16 1.811132501482500433e-16 1.398425305540420191e-16 7.173952762390735067e-17 3.397218842594467988e-17 1.901219865118334690e-16 4.116032947321505341e-16 7.153353044419548270e-16 1.120303594081194993e-15
1.401737418346770195e-02 2.205793594402685210e-16 2.149675428494559089e-16 2.013300752885460127e-16 1.743280487337501763e-16 1.262168376701079297e-16 4.682773756959111681e-17 7.640043866461755499e-17 2.584213223016649117e-16 5.165924267006663111e-16 8.706331850631874897e-16 1.342668348134860747e-15
1.423420883864341506e-02 2.203364085933488422e-16 2.137943037530096850e-16 1.978958391127589011e-16 1.664180322132171955e-16 1.103326809623295159e-16 1.778748506033408338e-17 1.258589639600615079e-16 3.380359561788871031e-16 6.389728862193821197e-16 1.051652199549062098e-15 1.601855482064322560e-15
1.445439770745927249e-02 2.200531390664207847e-16 2.124265147454226237e-16 1.938921918559530825e-16 1.571967566603633107e-16 9.181576804450870450e-17 1.606523537274712506e-17 1.835123132543155037e-16 4.308399991226248738e-16 7.816245035279446737e-16 1.262650848300308029e-15 1.903962919234732096e-15
1.467799267622069831e-02 2.197228657405264367e-16 2.108319073778883925e-16 1.892247683342034967e-16 1.464469174209895467e-16 7.022999567015804433e-17 5.552772491359424322e-17 2.507178871582124496e-16 5.390178161036728389e-16 9.479036873344630679e-16 1.508591921036999642e-15 2.256093198764271243e-15
1.490504643386196190e-02 2.193377904717211301e-16 2.089728795436579644e-16 1.837835067103206615e-16 1.339151666454796844e-16 4.506666295385272048e-17 1.015293410753549622e-16 3.290578511168780546e-16 6.651152583976235389e-16 1.141722594595209899e-15 1.795261692772071814e-15 2.666525637390755347e-15
1.513561248436207964e-02 2.188888244152413554e-16 2.068055909643732932e-16 1.774401482387968370e-16 1.193061874460559471e-16 1.573308254096772384e-17 1.551533408513252357e-16 4.203763750860408136e-16 8.120996486749366176e-16 1.367640389797377331e-15 2.129398188926840508e-15 3.144908726148431882e-15
1.536974515935271741e-02 2.183653708159516527e-16 2.042789320321120606e-16 1.700451458189682339e-16 1.022757299709458087e-16 1.846171106541344652e-17 2.176623738195797627e-16 5.268228572966216279e-16 9.834295424723079957e-16 1.630971312860481937e-15 2.518859785156213896e-15 3.702486910025424694e-15
1.560749963092111434e-02 2.177550642255941460e-16 2.013333148802848153e-16 1.614241847225691852e-16 8.242251710094246554e-17 5.832314778855151837e-17 2.905281625727793655e-16 6.509025850779342451e-16 1.183135734331795086e-15 1.937908277942337071e-15 2.972802540659158017e-15 4.352364115264668784e-15
1.584893192461113431e-02 2.170434920974679310e-16 1.978992666949828585e-16 1.513740577229662264e-16 5.927880548107050798e-17 1.047899709174356957e-16 3.754661603743110151e-16 7.955355970584215097e-16 1.415916246622781768e-15 2.295669147833638705e-15 3.501897318337739177e-15 5.109811653356998959e-15
1.609409893262535307e-02 2.162138887858298965e-16 1.938958326268366715e-16 1.396578812139676415e-16 3.229932960869494611e-17 1.589565140129679020e-16 4.744757904646565657e-16 9.641252034722886431e-16 1.687246572637457612e-15 2.712665781783773788e-15 4.118579946090170244e-15 5.992625263698553626e-15
1.634305842723137586e-02 2.152466459502614368e-16 1.892286188707238438e-16 1.259995154441336593e-16 8.484907618565404447e-19 2.220982815085049990e-16 5.898876019594869483e-16 1.160638042032393646e-15 2.003508051851471972e-15 3.198702027362135632e-15 4.837342819399947544e-15 7.021543802106980631e-15
1.659586907437560557e-02 2.141189321525339735e-16 1.837875337777492916e-16 1.100770924401240638e-16 3.581456497103157986e-17 2.957019621314871232e-16 7.244178394128459373e-16 1.389697322505600685e-15 2.372138018222899796e-15 3.765202615461070314e-15 5.675074651969354260e-15 8.220733608451118067e-15
1.685259044750751084e-02 2.128041561189285595e-16 1.774443338841371330e-16 9.151532437193482902e-17 7.855339762926186695e-17 3.815023265695029765e-16 8.812324640898645235e-16 1.656691104146861431e-15 2.801804045163814414e-15 4.425482126323856008e-15 6.651456586267021878e-15 9.618356516193184659e-15
1.711328304161780986e-02 2.112712818543607811e-16 1.700494752572603041e-16 6.987683805151106490e-17 1.283746416964477494e-16 4.815157303732841116e-16 1.064021456008648219e-15 1.967899352148581406e-15 3.302607728416801376e-15 5.195057337272758103e-15 7.789424042526866956e-15 1.124722732193506321e-14
1.737800828749375484e-02 2.094841328424902723e-16 1.614285447666805406e-16 4.465177230293393955e-17 1.864516504322916604e-16 5.980965185840407558e-16 1.277085626441710959e-15 2.330640802564618945e-15 3.886321594148329318e-15 6.092010335071276839e-15 9.115702808658258517e-15 1.314558550097028384e-14
1.764682856619499696e-02 2.074005415274586544e-16 1.513783819348087241e-16 1.524576850795859288e-17 2.541521051525566900e-16 7.339912818753977705e-16 1.525437459832937263e-15 2.753445423733923448e-15 4.566664986433976983e-15 7.137413414897966686e-15 1.066143652930137431e-14 1.535798824232065802e-14
1.791980722375334165e-02 2.049713467168850932e-16 1.396620368282347612e-16 1.903403159477223750e-17 3.330701293512824857e-16 8.924004878309553285e-16 1.814919080543910605e-15 3.246253889764081615e-15 5.359626144431740681e-15 8.355821944187519620e-15 1.246291706662438522e-14 1.793635357541216859e-14
1.819700858609983596e-02 2.021392259878355709e-16 1.260033259972006423e-16 5.899518549646344909e-17 4.250639282196297143e-16 1.077046412396546684e-15 2.152339111391026780e-15 3.820651640928774035e-15 6.283837644929475437e-15 9.775850894481179121e-15 1.456243163744849957e-14 2.094117551320280213e-14
1.847849797422290719e-02 1.988373665936187370e-16 1.100802951042720556e-16 1.055791037550865707e-16 5.322993292342307436e-16 1.292276253267895597e-15 2.545633033069754155e-15 4.490140061920042495e-15 7.361014500947421999e-15 1.143084492236308105e-14 1.700925445547818305e-14 2.444295003123365393e-14
1.876434171956085570e-02 1.949878678881310074e-16 9.151762029251668957e-17 1.598830828981192242e-16 6.573007632693863082e-16 1.543153868387559369e-15 3.004049067242287567e-15 5.270453738197671738e-15 8.616455084789685433e-15 1.335965905145482912e-14 1.986080195354580912e-14 2.852378784898416091e-14
1.905460717963247327e-02 1.904999203237851766e-16 6.987780733030792247e-17 2.231862067022019677e-16 8.030110158280728353e-16 1.835582089694724791e-15 3.538365412771803981e-15 6.179929022718595722e-15 1.007964664812179498e-14 1.560756894139188029e-14 2.318397323609935393e-14 3.327938526584249147e-14
1.934936275390952004e-02 1.852676663083902291e-16 4.465084554318633339e-17 2.969794247183742911e-16 9.728586792429254922e-16 2.176437898254341442e-15 4.161143270200386259e-15 7.239934464352055756e-15 1.178494834617601592e-14 1.822733101350245813e-14 2.705671753889813924e-14 3.882122863213918900e-14
1.964867789993467867e-02 1.791676227417687291e-16 1.524221763811961016e-17 3.830005562700212008e-16 1.170841956742057268e-15 2.573738951198150026e-15 4.887021239367609708e-15 8.475371333124191377e-15 1.377239764294714169e-14 2.128041682936512254e-14 3.156985341446920409e-14 4.527920557930334590e-14
1.995262314968879874e-02 1.720559691156642851e-16 1.904109849811700239e-17 4.832753663345463469e-16 1.401619623017388973e-15 3.036828526723836949e-15 5.733059338650211895e-15 9.915257640799839232e-15 1.608864754334303601e-14 2.483845189466082451e-14 3.682919794906181103e-14 5.280464274341975619e-14
2.026127012621143156e-02 1.637649421048632163e-16 5.900687840750958295e-17 6.001649286103046396e-16 1.670621804232155915e-15 3.576595787389913817e-15 6.719138348412081433e-15 1.159340801636791828e-14 1.878805953906044175e-14 2.898489138577819124e-14 4.295803556079319116e-14 6.157383651943179938e-14
2.057469156047839892e-02 1.540989942401721963e-16 1.055969612816284264e-16 7.364213748020458992e-16 1.984177271681143770e-15 4.205731204152094816e-15 7.868426756855376135e-15 1.354922566758945433e-14 2.193397679256394594e-14 3.381697082945013791e-14 5.009999981380635565e-14 7.179217162189045123e-14
2.089296130854039618e-02 1.428301613679757421e-16 1.599091220711267506e-16 8.952525849307051078e-16 2.349663062934834177e-15 4.939024443854014195e-15 9.207923408630932807e-15 1.582862589968469086e-14 2.560020451001986561e-14 3.944798153455126735e-14 5.842243110836986431e-14 8.369889987111919497e-14
2.121615436892684489e-02 1.296927234816572247e-16 2.232227004538961814e-16 1.080397499937317330e-15 2.775674452783455063e-15 5.793711358952540806e-15 1.076909057544445047e-14 1.848511062379198990e-14 2.987273845204320085e-14 4.600991499618174333e-14 6.812028892411129946e-14 9.757276939452344458e-14
2.154434690031884619e-02 1.143767628539424999e-16 2.970293448282455910e-16 1.296214209002951252e-15 3.272232361587611655e-15 6.789878246629292923e-15 1.258859118628139123e-14 2.158102148542053495e-14 3.485177423662631361e-14 5.365655145807096480e-14 7.942066402128948575e-14 1.137384557987926108e-13
2.187761623949553008e-02 9.652126797313362069e-17 3.830676921861859568e-16 1.547782086621919613e-15 3.851013856277951048e-15 7.950933010733070546e-15 1.470914763869395245e-14 2.518899784460545682e-14 4.065405252694625311e-14 6.256704605824942025e-14 9.258813856979543776e-14 1.325741741260037581e-13
2.221604091955811655e-02 7.569903863169869913e-17 4.833641454119577314e-16 1.841021496966402466e-15 4.525627747604819252e-15 9.304154113108165985e-15 1.718054271011462545e-14 2.939367791701460519e-14 4.741558419337599304e-14 7.295011772707110168e-14 1.079309211373105479e-13 1.545204867188977355e-13
2.255970068843575829e-02 5.143081687224172848e-17 6.002815546086445075e-16 2.182832913508534884e-15 5.311934788876074608e-15 1.088132957761757275e-14 2.006078516685703064e-14 3.429367725771676719e-14 5.529483189922703749e-14 8.504891679984258803e-14 1.258080363165951968e-13 1.800905488827806099e-13
2.290867652767773419e-02 2.314624624314382373e-17 7.365727040488024284e-16 2.581258632431634070e-15 6.228418708274551147e-15 1.271950297505753040e-14 2.341746764706989242e-14 4.000389557327000268e-14 6.447640885240201977e-14 9.914669842965373610e-14 1.466376932797450962e-13 2.098820889069440053e-13
2.326305067153626102e-02 9.843635381675946509e-18 8.954479669240147454e-16 3.045672254815808113e-15 7.296620598737523295e-15 1.486184010314272018e-14 2.732934890710886664e-14 4.665820166126113502e-14 7.517539049203157843e-14 1.155734332111429131e-13 1.709070349730397238e-13 2.445912564587633816e-13
2.362290662634461760e-02 4.828562417409553322e-17 1.080647641228226008e-15 3.586999253038209667e-15 8.541644429665224474e-15 1.735864162020665916e-14 3.188819609158165199e-14 5.441256348698432612e-14 8.764233422468662147e-14 1.347134923603092684e-13 1.991834724860187652e-13 2.850288853112979839e-13
2.398832919019489723e-02 9.311012870138277342e-17 1.296533289979992305e-15 4.217970068559465215e-15 9.992744304700107386e-15 2.026852017298726934e-14 3.720093183593141958e-14 6.344869003253779192e-14 1.021691276295327444e-13 1.570146153279090944e-13 2.321279035097159198e-13 3.321399708591215065e-13
2.435940447292027008e-02 1.454381972066685625e-16 1.548186878744404598e-15 4.953426340828077130e-15 1.168401397115107151e-14 2.365977298127487509e-14 4.339213420888410038e-14 7.397827661294503565e-14 1.190957945548771926e-13 1.829983331788783565e-13 2.705100982224804297e-13 3.870230100756421951e-13
2.473621991638621370e-02 2.063637174277292830e-16 1.841532965128532289e-15 5.810661648774170240e-15 1.365517719573713378e-14 2.761198089814101940e-14 5.060694922419874236e-14 8.624794656886809881e-14 1.388184218999005962e-13 2.132721120181186910e-13 3.152265265505175689e-13 4.509594216104340747e-13
2.511886431509579437e-02 2.773883516422236222e-16 2.183476361969576236e-15 6.809831603434665048e-15 1.595253325141203016e-14 3.221787023742377494e-14 5.901448165694636059e-14 1.005450054778201135e-13 1.617983953957927406e-13 2.485434963378177509e-13 3.673213181228664834e-13 5.254406170541204922e-13
2.550742783711359291e-02 3.601861031442502798e-16 2.582066136135064418e-15 7.974426432228706734e-15 1.863002860610652156e-14 3.758548273783165785e-14 6.881174831389964385e-14 1.172041456736649988e-13 1.885731446161788115e-13 2.896365910837673900e-13 4.280104363108723952e-13 6.122034251216945195e-13
2.590200204531323963e-02 4.567079643097206278e-16 3.046683131903438402e-15 9.331820746575080023e-15 2.175052663741265481e-14 4.384070213922862876e-14 8.022827589214013121e-14 1.366152515254560641e-13 2.197686595417120478e-13 3.375111374110169372e-13 4.987099329992694600e-13 7.132702336430124906e-13
2.630267991895381477e-02 5.692283291380638396e-16 3.588260108529467460e-15 1.091391756965157838e-14 2.538728063519492527e-14 5.113019745917994882e-14 9.353146183681011979e-14 1.592324854192872903e-13 2.561140570575057149e-13 3.932849440770581394e-13 5.810688178411527620e-13 8.309959923943443801e-13
2.670955587558985350e-02 7.002982425841375188e-16 4.219540725923978378e-15 1.275789525360523097e-14 2.962563937518233972e-14 5.962482073620742407e-14 1.090328138490033154e-13 1.855848725555230026e-13 2.984585544520493255e-13 4.582597771277036980e-13 6.770073003692021674e-13 9.681225609581341099e-13
2.712272579332028130e-02 8.531851876227284595e-16 4.955377122380096097e-15 1.490707992457515823e-14 3.456506459725234382e-14 6.952372259168849398e-14 1.270952173427773352e-13 2.162886253058111253e-13 3.477912115232750570e-13 5.339516021418435154e-13 7.887613278105853602e-13 1.127842293828067472e-12
2.754228703338166065e-02 1.031425787767572989e-15 5.813081264165968085e-15 1.741196148948034928e-14 4.032143812682173961e-14 8.105882146752046162e-14 1.481413977653673981e-13 2.520614818258906601e-13 4.052639177710472670e-13 6.221257922927248461e-13 9.189343555396419818e-13 1.313871877147310592e-12
2.796833846309077637e-02 1.239222517897714667e-15 6.812826020880147727e-15 2.033137622666824295e-14 4.702978701150601898e-14 9.450033863245134919e-14 1.726637739265491061e-13 2.937394173760746475e-13 4.722181558726732910e-13 7.248379756751348918e-13 1.070557677111239477e-12 1.530538260407175763e-12
2.840098047914215232e-02 1.481421807645126139e-15 7.978126822752347445e-15 2.373388615944197350e-14 5.484742247692707564e-14 1.101631234400836700e-13 2.012359351484312751e-13 3.422960868966311450e-13 5.502161626277000039e-13 8.444818351515062086e-13 1.247160515133214372e-12 1.782878581194684277e-12
2.884031503126605750e-02 1.763796933858332439e-15 9.336386983879182471e-15 2.769938556529206850e-14 6.395764996112555923e-14 1.284137708447802840e-13 2.345259976428594566e-13 3.988654595536128006e-13 6.410771629646621544e-13 9.838444547626463829e-13 1.452851681015202254e-12 2.076756469734432483e-12
2.928644564625237229e-02 2.092922804942663997e-15 1.091954520497528636e-14 3.232097176481445909e-14 7.457402295941983964e-14 1.496796348716989512e-13 2.733121643955860142e-13 4.647681731158480657e-13 7.469195905132886908e-13 1.146170879033762264e-12 1.692414541162220033e-12 2.418997329911834992e-12
2.973947745234606366e-02 2.476610084374986106e-15 1.276482085608082746e-14 3.770712636765257329e-14 8.694534720418511808e-14 1.744584832278203511e-13 3.185008120470992987e-13 5.415422068821407683e-13 8.702101846845756665e-13 1.335239214819408201e-12 1.971417452066927084e-12 2.817545652247638504e-12
3.019951720402016052e-02 2.923874300314133814e-15 1.491559273961749018e-14 4.398425304361120032e-14 1.013614882419521406e-13 2.033297082398337132e-13 3.711476261452699091e-13 6.309785852056726981e-13 1.013821142217627791e-12 1.555447977032759443e-12 2.296342300682129971e-12 3.281648201089532604e-12
3.066667330713183579e-02 3.445247029942758937e-15 1.742241174787178217e-14 5.129963829565950291e-14 1.181601440066087336e-13 2.369687148106092484e-13 4.324820855602502901e-13 7.351629267873456970e-13 1.181096629413393640e-12 1.811917720972691370e-12 2.674733996030402792e-12 3.822066089586067366e-12
3.114105584446759736e-02 4.053003761383932116e-15 2.034419487489598205e-14 5.982489384221596099e-14 1.377347211486955720e-13 2.761620115370456034e-13 5.039360700970184153e-13 8.565238210004851628e-13 1.375930164807807320e-12 2.110609339328677071e-12 3.115374304196891013e-12 4.451323658150810510e-12
3.162277660168379134e-02 4.761452502361065064e-15 2.374959099395086395e-14 6.975997743012611370e-14 1.605435193401075412e-13 3.218257216786404362e-13 5.871771028367303555e-13 9.978890976800748223e-13 1.602854654377723781e-12 2.458461542441601704e-12 3.628484111128081226e-12 5.183994880244833180e-12
3.211194909364823574e-02 5.587270193771862426e-15 2.771861294502254608e-14 8.133786188915120023e-14 1.871204195349260203e-13 3.750268503912443306e-13 6.841470662460172452e-13 1.162551330928141409e-12 1.867147155838003420e-12 2.863550921702215458e-12 4.225958562468175233e-12 6.037038760650653144e-12
3.260868859118933732e-02 6.549894881870497605e-15 3.234461776516494943e-14 9.482998334197085668e-14 2.180873291288119261e-13 4.370081183723421664e-13 7.971072545713464581e-13 1.354344054188872690e-12 2.174950742724376378e-12 3.335278015320177751e-12 4.921640526634623919e-12 7.030188216688893245e-12
3.311311214825911342e-02 7.671982848594863558e-15 3.773601030167419710e-14 1.105525941211588679e-13 2.541686791542810822e-13 5.092168511273151252e-13 9.286908054795414551e-13 1.577730433664729868e-12 2.533416266319309161e-12 3.884583749580077539e-12 5.731638738557320676e-12 8.186401473715801268e-12
3.362533862951628399e-02 8.979938972306323133e-15 4.401950742285139309e-14 1.288740527749663891e-13 2.962082981700635154e-13 5.933386047485466022e-13 1.081963730339355227e-12 1.837906457770462944e-12 2.950867281374446831e-12 4.524201324152961000e-12 6.674696874918681074e-12 9.532389149065206190e-12
3.414548873833600506e-02 1.050454221956899844e-14 5.134263912250534351e-14 1.502237444079783347e-13 3.451890659193189118e-13 6.913363093304502360e-13 1.260495923029991622e-12 2.140920959758518957e-12 3.436991833506687173e-12 5.268948175470119132e-12 7.772624226512268387e-12 1.109922435616862240e-11
3.467368504525316503e-02 1.228166149031482157e-14 5.987711872440724047e-14 1.751016682693921456e-13 4.022557854602190942e-13 8.054960048309136673e-13 1.468443786778413876e-12 2.493815270577853337e-12 4.003065545843160223e-12 6.136067333721868105e-12 9.050794553864775483e-12 1.292305168388250665e-11
3.521005201684521135e-02 1.435310659936200959e-14 6.982362348505390697e-14 2.040903767312488405e-13 4.687421716203903558e-13 9.384791614215337686e-13 1.710646389535909108e-12 2.904785655331772875e-12 4.662210998743779983e-12 7.145622343938504223e-12 1.053872714852825852e-11 1.504591467089408256e-11
3.575471604506212653e-02 1.676760154033338866e-14 8.141537924009802127e-14 2.378685132031444908e-13 5.462004798119901362e-13 1.093385439687786940e-12 1.992737328093715590e-12 3.383372233946792799e-12 5.429699449746284423e-12 8.320957448278810276e-12 1.227076150638778128e-11 1.751671189744333323e-11
3.630780547701013827e-02 1.958193510948583046e-14 9.492434124245987846e-14 2.772266234330676778e-13 6.364396361255364741e-13 1.273823773459656289e-12 2.321274850871567088e-12 3.940678747966848026e-12 6.323301539328810310e-12 9.689232192914067507e-12 1.428684162404637694e-11 2.039231190546775135e-11
3.686945064519575599e-02 2.286229401041882386e-14 1.106673826608470832e-13 3.230855960275518189e-13 7.415658651869217105e-13 1.483996216397247292e-12 2.703893280774729989e-12 4.589628118447079864e-12 7.363695090092198457e-12 1.128204277345288735e-11 1.663342726239900861e-11 2.373884624399694494e-11
3.743978389823810621e-02 2.668581046478568262e-14 1.290137014169447513e-13 3.765181079149809968e-13 8.640320542010478545e-13 1.728795078851399430e-12 3.149479113680468642e-12 5.345259614080093052e-12 8.574939156069420505e-12 1.313614438168987077e-11 1.936455259607119522e-11 2.763321229065142975e-11
3.801893963205612431e-02 3.114237946567624342e-14 1.503934553866563418e-13 4.387736244696265030e-13 1.006694558325414160e-12 2.013916129899993130e-12 3.668375850136696234e-12 6.225074419864752069e-12 9.985025139504015009e-12 1.529429023685531125e-11 2.254305623280496255e-11 3.216481790757343411e-11
3.860705432153813121e-02 3.633676407769965800e-14 1.753078143852111697e-13 5.113074736103912240e-13 1.172879419503743508e-12 2.345990142297087612e-12 4.272622247813301310e-12 7.249437408996897756e-12 1.162651738300261510e-11 1.780620689581456197e-11 2.624200967338113544e-11 3.743760825221154759e-11
3.920426655270151800e-02 4.239105811342435382e-14 2.043406706043438240e-13 5.958147245587030448e-13 1.366459655288234738e-12 2.732736221357179551e-12 4.976229382690953007e-12 8.442044212371065495e-12 1.353729690476536117e-11 2.072972695652618505e-11 3.054637663710854629e-11 4.357241576951720196e-11
3.981071705534973415e-02 4.944754113584743405e-14 2.381722757903094654e-13 6.942696024647508392e-13 1.591944765157866314e-12 3.183139750404961418e-12 5.795502839855343597e-12 9.830464208656357565e-12 1.576142745962701954e-11 2.413210513591524379e-11 3.555493981213971988e-11 5.070969502678950131e-11
4.042654873623443418e-02 5.767202426682279519e-14 2.775951268773612337e-13 8.089714052018688023e-13 1.854585264023502876e-12 3.707659730409977512e-12 6.749417331255280957e-12 1.144677165291685921e-11 1.835015981178031705e-11 2.809154746096433711e-11 4.138253811542486824e-11 5.901268955911349631e-11
4.105190671273078323e-02 6.725773308348101585e-14 3.235324608395404823e-13 9.425979136402319711e-13 2.160494124289104275e-12 4.318469738993299431e-12 7.860052291855699577e-12 1.332827911876785984e-11 2.136309984170717714e-11 3.269898466915773032e-11 4.816267710889903769e-11 6.867111176312010961e-11
4.168693834703354750e-02 7.842983652343473616e-14 3.770597956190924885e-13 1.098267593339442705e-12 2.516788125003168116e-12 5.029738289470287425e-12 9.153098235623636945e-12 1.551839000618053811e-11 2.486956476515917971e-11 3.806013638081875128e-11 5.605049312207479450e-11 7.990537977855812187e-11
4.233179328088208793e-02 9.145073163126405829e-14 4.394300167696237293e-13 1.279611984704184433e-12 2.931752315282325413e-12 5.857954754400687303e-12 1.065844538878259186e-11 1.806758893295070045e-11 2.895015899132153982e-11 4.429790293154945632e-11 6.522632719048418210e-11 9.297169294427323447e-11
4.298662347082276430e-02 1.066261755580274531e-13 5.121030505695740855e-13 1.490859947869960589e-12 3.415031295742754008e-12 6.822308477892815559e-12 1.241086789879281310e-11 2.103459265628339384e-11 3.369860381025709694e-11 5.155514475885109539e-11 7.589973704841175444e-11 1.081675962223827463e-10
4.365158322401661156e-02 1.243124619109739302e-13 5.967780563006247221e-13 1.736935729998474348e-12 3.977851762763249287e-12 7.945129478146116223e-12 1.445081898688862208e-11 2.448768693274111734e-11 3.922386258474633222e-11 5.999790791070848347e-11 8.831422130275422108e-11 1.258387619656154182e-10
4.432682923460088548e-02 1.449247631978980233e-13 6.954356966574575101e-13 2.023573064783980755e-12 4.633281377193330999e-12 9.252400843895269877e-12 1.682535505787357408e-11 2.850627945524917474e-11 4.565260769020790212e-11 6.981916730933281239e-11 1.027526849965573514e-10 1.463866872711712905e-10
4.501252062061336656e-02 1.689468444558362334e-13 8.103822153436585192e-13 2.357447967417329290e-12 5.396529804681841978e-12 1.077435447088482269e-11 1.958920939690988865e-11 3.318270361351870203e-11 5.313208514128280080e-11 8.124317108564967701e-11 1.195437800566230391e-10 1.702776506354317257e-10
4.570881896148751983e-02 1.969423887545985341e-13 9.443046825552760638e-13 2.746333242903997117e-12 6.285298850077219036e-12 1.254616342057566686e-11 2.280603975616753608e-11 3.862431301470617264e-11 6.183343907239415831e-11 9.453048053036171446e-11 1.390692582433864075e-10 1.980530989122720314e-10
4.641588833612779463e-02 2.295681834805675561e-13 1.100334178005535921e-12 3.199278263760829930e-12 7.320189606349029541e-12 1.460874704164346021e-11 2.654987756507493708e-11 4.495591367180781928e-11 7.195557066191194698e-11 1.099838169457337894e-10 1.617724963154361958e-10 2.303416805257086574e-10
4.713389536157405052e-02 2.675894935838106952e-13 1.282110425843191000e-12 3.726818171680124166e-12 8.525175958755768898e-12 1.700970511319837009e-11 3.090681131950096146e-11 5.232258767569726981e-11 8.372961572090042339e-11 1.279548434556093161e-10 1.881683797902293780e-10 2.678731925956728787e-10
4.786300923226385201e-02 3.118979446778953434e-13 1.493866836239792525e-12 4.341217190004193931e-12 9.928154942086490195e-12 1.980440636729773070e-11 3.597694179644239333e-11 6.089297095183608906e-11 9.742413988641013345e-11 1.488520268445315805e-10 2.188547594760850550e-10 3.114947361532178592e-10
4.860340175990218725e-02 3.635323865875600398e-13 1.740570607560814366e-12 5.056751695849729933e-12 1.156158683208868501e-11 2.305725024052568639e-11 4.187665248299369482e-11 7.086305776246719902e-11 1.133511653130788229e-10 1.731497600557202641e-10 2.545257262241176338e-10 3.621894278928238345e-10
4.935524741394806125e-02 4.237031381887118662e-13 2.027965853204826787e-12 5.890039501150013218e-12 1.346323905877835101e-11 2.684313425925232794e-11 4.874124581496619795e-11 8.246061548603892509e-11 1.318731608136609088e-10 2.013989249384832923e-10 2.959869925845835306e-10 4.210980733426139617e-10
5.011872336272724798e-02 4.938203003854650362e-13 2.362755252686542079e-12 6.860422870669768066e-12 1.567705056864415305e-11 3.124915480731045941e-11 5.672800385585715971e-11 9.595030733914303495e-11 1.534111476753416976e-10 2.342391504076049283e-10 3.441737117248847265e-10 4.895442528450741277e-10
5.089400951518088800e-02 5.755273773882027769e-13 2.752743776204390724e-12 7.990413883918450019e-12 1.825413726340322796e-11 3.637660024264544191e-11 6.601974107135183156e-11 1.116396352521617359e-10 1.784540980912610683e-10 2.724130033026674035e-10 4.001711097276225110e-10 5.690633598003431812e-10
5.168128856326035386e-02 6.707368488385219227e-13 3.207019488279805042e-12 9.306212573854540702e-12 2.125395920341666506e-11 4.234322990240406418e-11 7.682892763244042995e-11 1.298858330015007595e-10 2.075698313847218318e-10 3.167824352714338449e-10 4.652383815130282241e-10 6.614362060339783434e-10
5.248074602497728586e-02 7.816781046398562585e-13 3.736164026792064590e-12 1.083830882206822333e-11 2.474568132114910508e-11 4.928595618205482429e-11 8.940247456403754401e-11 1.511038603456646698e-10 2.414176367851468971e-10 3.683478332456788548e-10 5.408363405828206001e-10 7.687278971722852930e-10
5.329257028812002528e-02 9.109499824188543300e-13 4.352497619532352029e-12 1.262218347712154725e-11 2.880974369977539391e-11 5.736394237838506357e-11 1.040272854802850954e-10 1.757756724260946101e-10 2.807629115379141066e-10 4.282700781144038006e-10 6.286594386336495871e-10 8.933327972471218477e-10
5.411695265464637472e-02 1.061577297838628418e-12 5.070364160742636003e-12 1.469912183354798218e-11 3.353969817292460295e-11 6.676219819866992566e-11 1.210366973111988682e-10 2.044609656516907225e-10 3.264941086539026060e-10 4.978960858696156399e-10 7.306727908329086738e-10 1.038026520317255394e-09
5.495408738576248314e-02 1.237084439852833213e-12 5.906462489384518656e-12 1.711716060103924953e-11 3.904433478056076108e-11 7.769575779074154922e-11 1.408179504283489441e-10 2.378096327716474009e-10 3.796423725826031509e-10 5.787883708103066465e-10 8.491550209213220760e-10 1.206026032854279469e-09
5.580417174769963795e-02 1.441576725265144839e-12 6.880226036677249117e-12 1.993218802276757663e-11 4.545015299852654563e-11 9.041452579686313367e-11 1.638208519386402690e-10 2.765761967346438570e-10 4.414042763013194683e-10 6.727592558801293240e-10 9.867477980641995166e-10 1.401059199141519775e-09
5.666740605819913651e-02 1.679836014866899734e-12 8.014289608198616337e-12 2.320922253739495511e-11 5.290423157507172272e-11 1.052089014971856539e-10 1.905678200947965034e-10 3.216365334946351579e-10 5.131681461930486000e-10 7.819104525545264443e-10 1.146513112267427173e-09 1.627444664144683165e-09
5.754399373371569398e-02 1.957432031323494101e-12 9.335009012658985951e-12 2.702389922371240164e-11 6.157756087519416500e-11 1.224163029828696782e-10 2.216655284462737880e-10 3.740072427551443808e-10 5.965445319148087668e-10 9.086789119743991755e-10 1.331999466949818918e-09 1.890185056020180109e-09
5.843414133735175264e-02 2.280851959921062332e-12 1.087301509864257001e-11 3.146419774251473467e-11 7.166891139568496852e-11 1.424287358602060501e-10 2.578184014644206542e-10 4.348680813665205148e-10 6.934014653534165520e-10 1.055889472254426452e-09 1.547318364417734998e-09 2.195073635690268687e-09
5.933805862753280952e-02 2.657651303972445664e-12 1.266401512126588539e-11 3.663244643378812822e-11 8.340932728788930887e-11 1.657015705089244442e-10 2.998442533701974596e-10 5.055879376321200508e-10 8.059052537159690019e-10 1.226816468035404790e-09 1.797232651382362137e-09 2.548817879495353197e-09
6.025595860743578058e-02 3.096629526161566792e-12 1.474953211820556558e-11 4.264765539874687935e-11 9.706732696371035427e-11 1.927637250024594537e-10 3.486924057095048894e-10 5.877548977446275116e-10 9.365676569281168558e-10 1.425254170754216438e-09 2.087258525271778495e-09 2.959181965870118397e-09
6.118805757518219063e-02 3.608034493247478382e-12 1.717789742216643411e-11 4.964822383844935823e-11 1.129549681418216090e-10 2.242294456908485752e-10 4.054646734160253880e-10 6.832110404290555251e-10 1.088300441641728265e-09 1.655598549737505093e-09 2.423783292184622930e-09 3.435151117689634192e-09
6.213457517480758252e-02 4.203800424344481744e-12 2.000540569299390099e-11 5.779508522166310730e-11 1.314348546283184860e-10 2.608120123566687516e-10 4.714396665126379246e-10 7.940926935870660217e-10 1.264478440934581578e-09 1.922941626425733964e-09 2.814201246234037798e-09 3.987121079090043044e-09
6.309573444801933051e-02 4.897824859163923040e-12 2.329742517066687299e-11 6.727535984382080020e-11 1.529282781059170233e-10 3.033395703205290818e-10 5.481009263126320119e-10 9.228769976982799865e-10 1.469012414810707142e-09 2.233180395664585584e-09 3.267070412762941585e-09 4.627116496650811630e-09
6.407176188675536843e-02 5.706290838880630269e-12 2.713010469762883181e-11 7.830660109613549437e-11 1.779246633804880905e-10 3.527734992123164778e-10 6.371694911315129597e-10 1.072435749212263867e-09 1.706433248097298757e-09 2.593142569185843009e-09 3.792293276388969995e-09 5.369042494327602613e-09
6.506288748655573995e-02 6.648041503417615922e-12 3.159205355259766590e-11 9.114169913693314579e-11 2.069925145863923085e-10 4.102296868334701074e-10 7.406415819997439195e-10 1.246097643544339782e-09 1.981989163077404782e-09 3.010731619993735951e-09 4.401325117771325533e-09 6.228974404170781138e-09
6.606934480075961347e-02 7.745020257305526887e-12 3.678635595080215321e-11 1.060746266682410600e-10 2.407921124292684104e-10 4.770031658263486164e-10 8.608321991826258124e-10 1.447720209106332415e-09 2.301757958905121130e-09 3.495094086094925404e-09 5.107414056268264971e-09 7.225491257162270328e-09
6.709137099554111916e-02 9.022772683551734327e-12 4.283291118516371053e-11 1.234470535082282688e-10 2.800902341417569708e-10 5.545966313054165404e-10 1.000425544723850441e-09 1.681772910574954024e-09 2.672776548843209093e-09 4.056812448553950284e-09 5.925877474326784825e-09 8.380059507250278142e-09
6.812920690579615801e-02 1.051104174169505315e-11 4.987110899417642732e-11 1.436560505584390205e-10 3.257771935459943282e-10 6.447534969994030008e-10 1.162533323102942062e-09 1.953433131774776419e-09 3.103190404751219183e-09 4.708127413318498687e-09 6.874420333581412826e-09 9.717474338676483149e-09
6.918309709189365830e-02 1.224445443297189633e-11 5.806324457212672423e-11 1.671630178289143551e-10 3.788866283178781827e-10 7.494960583790161042e-10 1.350762130288921753e-09 2.268696991337585653e-09 3.602425898813442782e-09 5.463193982909440692e-09 7.973501391315226282e-09 1.126636695342952071e-08
7.025328989730521279e-02 1.426332172960015338e-11 6.759793884332482894e-11 1.945040643046490886e-10 4.406183809632656217e-10 8.711697406701821266e-10 1.569291324290344459e-09 2.634507241734867347e-09 4.181388990399583265e-09 6.338376310323973649e-09 9.246754472929926670e-09 1.305978745349072706e-08
7.134003750712564207e-02 1.661456922268618672e-11 7.869457711823935598e-11 2.263020039163180180e-10 5.123650182512959355e-10 1.012494227517070267e-09 1.822962980547251028e-09 3.058900834137051634e-09 4.852694176295681037e-09 7.352587092643749272e-09 1.072147277549241922e-08 1.513587419527772542e-08
7.244359600749902817e-02 1.935281965787504754e-11 9.160826401898402806e-11 2.632803076530530938e-10 5.957425438029197447e-10 1.176622609042569937e-09 2.117385771868939157e-09 3.551179105095713253e-09 5.630928221657741958e-09 8.527677979534122533e-09 1.242916539953526158e-08 1.753862207481372287e-08
7.356422544596413760e-02 2.254165185615398711e-11 1.066356116499446673e-10 3.062792656069782415e-10 6.926259427616959419e-10 1.367209711414283248e-09 2.459054886910425994e-09 4.122103981513260767e-09 6.532953781522555942e-09 9.888888621884468618e-09 1.440619653927539231e-08 2.031876387970544198e-08
7.470218989273319510e-02 2.625506530071366263e-11 1.241214561152359212e-10 3.562747188043418433e-10 8.051903228453412131e-10 1.588491143425230915e-09 2.855490430325862925e-09 4.784124086969350897e-09 7.578258895893087870e-09 1.146536268544703618e-08 1.669451919374682943e-08 2.353478078675577456e-08
7.585775750291835762e-02 3.057919025813386934e-11 1.444666804485026169e-10 4.143997743701691375e-10 9.359585179157066531e-10 1.845374496373059716e-09 3.315397041854977334e-09 5.551635200283880312e-09 8.789358958943514430e-09 1.329074070503164513e-08 1.934251749679219022e-08 2.725406025627875472e-08
7.703120057972147328e-02 3.561423841687038515e-11 1.681372452520844354e-10 4.819699624589669093e-10 1.087856197203913256e-09 2.143544848187511329e-09 3.848847919485781765e-09 6.441280153262503276e-09 1.019225892147701108e-08 1.540384073336730521e-08 2.240596998711582084e-08 3.155422199702500570e-08
7.822279563860029539e-02 4.147684817507627093e-11 1.956747163837638696e-10 5.605123982300611716e-10 1.264275474285305928e-09 2.489586332250457220e-09 4.467497178473804186e-09 7.472293982706972127e-09 1.181698445558971439e-08 1.784943951052839721e-08 2.594915865142341379e-08 3.652463551105093357e-08
7.943282347242813790e-02 4.830273322531805170e-11 2.277084288421873799e-10 6.517995231286585641e-10 1.469148590418936544e-09 2.891122659913737160e-09 5.184824112271547767e-09 8.666901050767683009e-09 1.369819205067187297e-08 2.067916830590585960e-08 3.004613386882698180e-08 4.226815572588850659e-08
8.066156921766134968e-02 5.624978948215482964e-11 2.649697671471952827e-10 7.578882103861607324e-10 1.707032983530824670e-09 3.356979151665919275e-09 6.016414925577178743e-09 1.005077133492566322e-08 1.587586940860411179e-08 2.395253979725589286e-08 3.478216486258885891e-08 4.890310679601498016e-08
8.190932242152976217e-02 6.550175410671944137e-11 3.083085260464990616e-10 8.811650190110311447e-10 1.983209601267281330e-09 3.897369416406576103e-09 6.980286764249135543e-09 1.165354537491961947e-08 1.839613893854619735e-08 2.773812438243440270e-08 4.025539817940858606e-08 5.656554792100599182e-08
8.317637711026708291e-02 7.627234609862171596e-11 3.587115723244827893e-10 1.024398571896185138e-09 2.303796449102693033e-09 4.524110958796982576e-09 8.097260682236271562e-09 1.350943679863460010e-08 2.131217925551492986e-08 3.211489684645517150e-08 4.657875336987554507e-08 6.541185952110461690e-08
8.446303185839687533e-02 8.881019601393075376e-11 4.173256003268197721e-10 1.190800154559398349e-09 2.675879682147668466e-09 5.250873206614561629e-09 9.391390552356812040e-09 1.565792398109172247e-08 2.468528110438650996e-08 3.717377696985907796e-08 5.388208837846958788e-08 7.562169284284068495e-08
8.576958985908941790e-02 1.034044898743407638e-10 4.854823059659627974e-10 1.384093824263645373e-09 3.107664921613393033e-09 6.093463381813751825e-09 1.089045609344614879e-08 1.814454392890511832e-08 2.858605661225474052e-08 4.301939091702254666e-08 6.231467099525309186e-08 8.740133160938984602e-08
8.709635899560805306e-02 1.203915938718516155e-10 5.647280370027935913e-10 1.608597522188751047e-09 3.608651825443259316e-09 7.070155530524158771e-09 1.262652929439938508e-08 2.102180229300998245e-08 3.309582333296508528e-08 4.977208349658618168e-08 7.204799782068717862e-08 1.009875201249387725e-07
8.844365191385998581e-02 1.401626925889592527e-10 6.568585218634050356e-10 1.869316679419541731e-09 4.189835416001249218e-09 8.202069209678274702e-09 1.463662480486129098e-08 2.435021616642849344e-08 3.830818716128405108e-08 5.757021545217636715e-08 8.327900682627292019e-08 1.166518192960843734e-07
8.981178609606946250e-02 1.631727084615739451e-10 7.639582889958364950e-10 2.172052629032071806e-09 4.863938158787897228e-09 9.513604986061233935e-09 1.696344631250873714e-08 2.819950854984266932e-08 4.433085148228261087e-08 6.657278405229342585e-08 9.623373362768956771e-08 1.347055597372194968e-07
9.120108393559096804e-02 1.899505338653046607e-10 8.884469703776164423e-10 2.523527673720583569e-09 5.645677489043661416e-09 1.103294471708507393e-08 1.965624249139616390e-08 3.264997504099896206e-08 5.128768327298959735e-08 7.696241018798321598e-08 1.111714822265919392e-07 1.555054650960840636e-07
9.261187281287937278e-02 2.211112182175645712e-10 1.033132864526863207e-09 2.931529652352614986e-09 6.552073601624382554e-09 1.279262744276840526e-08 2.277178838558672432e-08 3.779404672581369383e-08 5.932107093617675406e-08 8.894874042866846661e-08 1.283895450291666969e-07 1.794600411732089833e-07
9.404448517263518104e-02 2.573697228908307583e-10 1.201274584778012623e-09 3.405078710347025670e-09 7.602804422679766253e-09 1.483020888186919677e-08 2.637550887476849127e-08 4.373807661804956956e-08 6.859461287255134527e-08 1.027723183709587319e-07 1.482285867182191450e-07 2.070368142500697123e-07
9.549925860214358853e-02 2.995571453220872740e-10 1.396652891627559520e-09 3.954619875124200859e-09 8.820613512531406690e-09 1.718901977339210998e-08 3.054276523718134719e-08 5.060437913132584045e-08 7.929618062415164776e-08 1.187089861796237622e-07 1.710787376374801643e-07 2.387705336520757027e-07
9.697653591082495972e-02 3.486395176001755725e-10 1.623652901590918092e-09 4.592245157029061805e-09 1.023177941565996934e-08 1.991903487685572876e-08 3.536032668340650237e-08 5.853355737060785856e-08 9.164140687377172290e-08 1.370748843976383243e-07 1.973865151858147626e-07 2.752724633935329269e-07
9.847666521101583470e-02 4.057394544833701715e-10 1.887361476337109377e-09 5.331949690908166601e-09 1.186665521219128624e-08 2.307786943112158328e-08 4.092805187849230082e-08 6.768715617746001921e-08 1.058776467805979726e-07 1.582321259732745397e-07 2.276626524699536521e-07 3.172408734947662291e-07
1.000000000000000056e-01 4.721615453326785050e-10 2.193676085714180762e-09 6.189926940071882370e-09 1.376028836551136916e-08 2.673191961411718539e-08 4.736080990040003811e-08 7.825068438500202669e-08 1.222884908099911313e-07 1.825952288903078950e-07 2.624909624587480800e-07 3.654729086961285916e-07
1.015468992433080642e-01 5.494220242594172105e-10 2.549434658437338809e-09 7.184908782958861965e-09 1.595313241589163825e-08 3.095766879882375444e-08 5.479067213590658734e-08 9.043705402603162711e-08 1.411988756812813471e-07 2.106384025525590702e-07 3.025383568663525776e-07 4.208779762273475184e-07
1.031177274593055443e-01 6.392812743768071744e-10 2.962562421167608634e-09 8.338557475466796446e-09 1.849186379780535154e-08 3.584318107767804998e-08 6.336941158161735551e-08 1.044904907825259706e-07 1.629808864184115968e-07 2.429037934006608043e-07 3.485661602232243074e-07 4.844928431072541265e-07
1.047128548050899610e-01 7.437852178150086977e-10 3.442244055074892380e-09 9.675916124400830303e-09 2.143031829907377067e-08 4.148980821143482371e-08 7.327134993636583640e-08 1.206909758111508256e-07 1.880603281187661985e-07 2.800107934447011865e-07 4.014428730703197946e-07 5.574986428748511039e-07
1.063326571637161627e-01 8.653093780259781482e-10 3.999119781512665592e-09 1.122592764769688599e-08 2.483056455275924800e-08 4.801413884711929166e-08 8.469659859928964550e-08 1.393592855625345374e-07 2.169241628685333660e-07 3.226665726478411549e-07 4.621585545712277959e-07 6.412400154361504910e-07
1.079775162327709925e-01 1.006613734923366568e-09 4.645515485701245207e-09 1.302203126220405230e-08 2.876413329004350472e-08 5.555022250621841718e-08 9.787474278537424108e-08 1.608627054044281803e-07 2.501289163996507535e-07 3.716779336189599259e-07 5.318410132784277221e-07 7.372466264967623281e-07
1.096478196143185063e-01 1.170901632422305347e-09 5.395704467847283702e-09 1.510284772096294948e-08 3.331342417372667396e-08 6.425210497510271947e-08 1.130690274649407095e-07 1.856214986460261244e-07 2.883101699896309404e-07 4.279646770780633512e-07 6.117740126800006705e-07 8.472573412540311835e-07
1.113439609062361335e-01 1.361892427036093173e-09 6.266212346584873523e-09 1.751296669860688262e-08 3.857331452118456536e-08 7.429671534276644576e-08 1.305811066959844309e-07 2.141162208003830448e-07 3.321932650748177293e-07 4.925746377296986168e-07 7.034177259416937903e-07 9.732473550349784343e-07
1.130663397949639298e-01 1.583903487411327847e-09 7.276166044411666312e-09 2.030385039462551274e-08 4.465299751137882927e-08 8.588715198728505827e-08 1.507564269600993919e-07 2.468959871047054172e-07 3.826053606525709242e-07 5.667005819878583179e-07 8.084316718658478455e-07 1.117458618139545202e-06
1.148153621496882937e-01 1.841945362514435133e-09 8.447698586716252430e-09 2.353487011154061075e-08 5.167808074588412433e-08 9.925641653809391808e-08 1.739903220106808886e-07 2.845877951915862840e-07 4.404889975396929818e-07 6.516991752205113867e-07 9.287004565814805588e-07 1.282433928693461041e-06
1.165914401179831694e-01 2.141832210772038641e-09 9.806412981534911268e-09 2.727449451062925801e-08 5.979298015299073859e-08 1.146716542060941655e-07 2.007349049816053594e-07 3.279070315098722297e-07 5.069173380110743940e-07 7.491122471306134473e-07 1.066362568674561818e-06 1.471055112079521990e-06
1.183949922229302204e-01 2.490309403460177226e-09 1.138191866151836131e-08 3.160165082070933538e-08 6.916364781698633258e-08 1.324389626073445998e-07 2.315068522322210462e-07 3.776692965175538136e-07 5.831112653860447629e-07 8.606906040290688807e-07 1.223842613736648389e-06 1.686585742749252340e-06
1.202264434617413141e-01 2.895201525587472523e-09 1.320844721785036919e-08 3.660728289692135025e-08 7.998067790395270063e-08 1.529088405216357229e-07 2.668961828045250305e-07 4.348036887001912494e-07 6.704585444014134090e-07 9.884206631829966265e-07 1.403887335901435465e-06 1.932718958840067044e-06
1.220862254059071200e-01 3.365582070279337437e-09 1.532556147458363680e-08 4.239613366952517982e-08 9.246283897438286211e-08 1.764823519086258027e-07 3.075761472103488316e-07 5.003677149534220778e-07 7.705352624181830065e-07 1.134554208084904911e-06 1.609605860352305026e-06 2.213630896334119899e-06
1.239747763028944683e-01 3.911972525529970963e-09 1.777897033337558501e-08 4.908878162217701024e-08 1.068610870937244250e-07 2.036180901089464095e-07 3.543143499100258355e-07 5.755639961674648625e-07 8.851297888479034431e-07 1.301641593928377712e-06 1.844514605227896775e-06 2.534040507810301666e-06
1.258925411794167559e-01 4.546569551654267969e-09 2.062146507572115137e-08 5.682396682430993408e-08 1.234631204209395715e-07 2.348400420566377818e-07 4.079852401749443657e-07 6.617589571650669679e-07 1.016269512950988517e-06 1.492568764109013663e-06 2.112587386834168727e-06 2.899276414995565806e-06
1.278399719463023665e-01 5.283508903273805655e-09 2.391399452225604033e-08 6.576124423356326111e-08 1.425985409166113744e-07 2.707464413864312200e-07 4.695841191235991664e-07 7.605037050695338416e-07 1.166250640359672473e-06 1.710598476367257136e-06 2.418311298573976528e-06 3.315351743601350215e-06
1.298175275049849586e-01 6.139169534664043184e-09 2.772689858032784657e-08 7.608400820404091711e-08 1.646446985622499016e-07 3.120197393801763556e-07 5.402428197579562436e-07 8.735573156524232592e-07 1.337671355459341393e-06 1.959416175274376577e-06 2.766748999456820635e-06 3.789047918028485747e-06
1.318256738556407293e-01 7.132526692968039758e-09 3.214132312163605888e-08 8.800293581629029646e-08 1.900332981610395855e-07 3.594377992114956080e-07 6.212472315745214792e-07 1.002912761138049412e-06 1.533468680976202198e-06 2.243181002148638488e-06 3.163608227846636077e-06 4.328008596070757060e-06
1.338648842069993239e-01 8.285555406435279317e-09 3.725084084634734270e-08 1.017599035347293567e-07 2.192578583848508801e-07 4.138864555417484697e-07 7.140568520253107659e-07 1.150825735151817662e-06 1.756959395482391252e-06 2.566582483483421401e-06 3.615319269128903008e-06 4.940845121719555202e-06
1.359356390878525556e-01 9.623700855195847782e-09 4.316330741563515237e-08 1.176324378105574862e-07 2.528821205502168127e-07 4.763735722997162131e-07 8.203265585176043596e-07 1.319846642816055309e-06 2.011885388132350695e-06 2.934903513442713616e-06 4.129121512797573096e-06 5.637255144730571134e-06
1.380384264602885214e-01 1.117640983757287464e-08 5.000298522724635303e-08 1.359387648831142493e-07 2.915495132277842263e-07 5.480447568984116596e-07 9.419308114307755410e-07 1.512856051151722319e-06 2.302463951039070425e-06 3.354090323642190251e-06 4.713160166186915355e-06 6.428156337620616842e-06
1.401737418346770125e-01 1.297776904819387973e-08 5.791297055328265655e-08 1.570435347412469399e-07 3.359937877984265497e-07 6.302008870434804841e-07 1.080990501118264710e-06 1.733103905034653658e-06 2.633443382631524566e-06 3.830830238110927880e-06 5.376594528666747873e-06 7.325837547364858762e-06
1.423420883864341679e-01 1.506720406388765927e-08 6.705796682895646982e-08 1.813643006097244231e-07 3.870509489408520761e-07 7.243176214797230020e-07 1.239902677242878917e-06 1.984252845282452606e-06 3.010164524300152109e-06 4.372638135998372558e-06 6.129719451962952251e-06 8.344130316793069049e-06
1.445439770745927943e-01 1.749030977739134326e-08 7.762744758580464229e-08 2.093788423537354850e-07 4.456726133886577283e-07 8.320670729379941530e-07 1.421373392408608374e-06 2.270425992073608171e-06 3.438628794699991462e-06 4.987952703734788791e-06 6.984101948644645909e-06 9.498604062194403920e-06
1.467799267622069692e-01 2.029980037709346205e-08 8.983926321656998194e-08 2.416334327952152130e-07 5.129409383505976841e-07 9.553418302614145883e-07 1.628453926806124116e-06 2.596259577165315668e-06 3.925573413679046155e-06 5.686243754123150948e-06 7.952735308570223289e-06 1.080678935721057817e-05
1.490504643386195982e-01 2.355659627233789824e-08 1.039437489463509947e-07 2.787521540162903061e-07 5.900852700604876878e-07 1.096281521070881390e-06 1.864580644467903109e-06 2.966960857013003992e-06 4.478554615118571904e-06 6.478132151320744399e-06 9.050213609379045447e-06 1.228843372294282315e-05
1.513561248436208762e-01 2.733107919956538983e-08 1.202283943972509178e-07 3.214473781145344992e-07 6.785006698647228455e-07 1.257302122687354409e-06 2.133618763673028851e-06 3.388371787839520476e-06 5.106039754342868675e-06 7.375524161354282354e-06 1.029293023389286255e-05 1.396579817090191317e-05
1.536974515935271846e-01 3.170452911870025619e-08 1.390231613941197603e-07 3.705315387229698220e-07 7.797684818058436897e-07 1.441128210659867365e-06 2.439910340824440412e-06 3.867038927506900788e-06 5.817509431626213793e-06 8.391762552395908663e-06 1.169930454332345225e-05 1.586400015769593127e-05
1.560749963092111503e-01 3.677077142683984906e-08 1.607064729152396150e-07 4.269303270537125764e-07 8.956791107210116880e-07 1.650828346630930545e-06 2.788326742581277917e-06 4.410290321445205474e-06 6.623570941980340617e-06 9.541797127797372376e-06 1.329004231848686798e-05 1.801141314108989917e-05
1.584893192461114264e-01 4.263807455905910752e-08 1.857120820811417018e-07 4.916974555291322393e-07 1.028257182543041365e-06 1.889853827751143323e-06 3.184325968042027570e-06 5.026319886550131788e-06 7.536084651788370891e-06 1.084237814888602154e-05 1.508843651640236705e-05 2.044013569606597717e-05
1.609409893262535307e-01 4.943131750579868964e-08 2.145367990159839843e-07 5.660311388869042098e-07 1.179789259308633624e-06 2.162080972557946982e-06 3.634015126045323337e-06 5.724280241681092612e-06 8.568305286022651030e-06 1.231227701458506990e-05 1.712071646560685268e-05 2.318654430340772962e-05
1.634305842723137725e-01 5.729446793047089721e-08 2.477491493596993322e-07 6.512924654481404615e-07 1.352854278539949147e-06 2.471857163730643565e-06 4.144218511132112556e-06 6.514384954043514725e-06 9.735040564565035503e-06 1.397253910749277935e-05 1.941645584613527166e-05 2.629194646318669314e-05
1.659586907437560488e-01 6.639343202038000619e-08 2.859993369176340634e-07 7.490257827885819331e-07 1.550356881370725975e-06 2.824050810631137655e-06 4.722551646280651279e-06 7.408021425291113530e-06 1.105283025508390500e-05 1.584677595147985534e-05 2.200905204258020168e-05 2.980335836768867615e-05
1.685259044750751778e-01 7.691927288916998702e-08 3.300302408129246989e-07 8.609813304585808101e-07 1.775563783030136807e-06 3.224105445875137848e-06 5.377501833962082841e-06 8.417875934670004395e-06 1.254014944115140936e-05 1.796150431288926630e-05 2.493629252423747161e-05 3.377443268202799561e-05
1.711328304161781055e-01 8.909194825788985930e-08 3.806899400932122671e-07 9.891402271482344762e-07 2.032143325798671100e-06 3.678098108465428835e-06 6.118515822058784043e-06 9.558072756861186737e-06 1.421764088448537668e-05 2.034654294643421245e-05 2.824102657491611902e-05 3.826656997419409953e-05
1.737800828749375415e-01 1.031645241439221257e-07 4.389457070814360648e-07 1.135742035248817518e-06 2.324208334641805410e-06 4.192802229930708205e-06 6.956095316373700495e-06 1.084432977350187463e-05 1.610838247114243309e-05 2.303547940725992845e-05 3.197196909478876699e-05 4.335025399794710873e-05
1.764682856619500806e-01 1.194279799584758337e-07 5.058996936912394960e-07 1.303315027066452130e-06 2.656362371139246786e-06 4.775755185505946796e-06 7.901901283100402408e-06 1.229413365847592375e-05 1.823819743374892243e-05 2.606622303693743054e-05 3.618466048768153340e-05 4.910665944593102858e-05
1.791980722375333956e-01 1.382166930468046824e-07 5.828064578588102797e-07 1.494709335750455036e-06 3.033749458799752743e-06 5.435330735968687709e-06 8.968868244284143354e-06 1.392693857479650825e-05 2.063601694419150306e-05 2.948166350821897699e-05 4.094262343274180716e-05 5.562959151220221455e-05
1.819700858609983596e-01 1.599146576897038692e-07 6.710925148849165719e-07 1.713133116051226662e-06 3.462107300817748129e-06 6.180816631433208279e-06 1.017133013423552574e-05 1.576439343187396668e-05 2.333430714928811734e-05 3.333045942443941086e-05 4.631875577823398835e-05 6.302782695954991491e-05
1.847849797422291551e-01 1.849625717808671726e-07 7.723780845041325396e-07 1.962191856614336618e-06 3.947824009244027526e-06 7.022497700433977984e-06 1.152515976720572022e-05 1.783060409511110970e-05 2.636957568910848980e-05 3.766798675845777096e-05 5.239701639027403919e-05 7.142794447291741513e-05
1.876434171956085639e-01 2.138658381902936663e-07 8.885012193953653568e-07 2.245930917125073506e-06 4.497998282358253728e-06 7.971744880164919445e-06 1.304792458563393446e-05 2.015243883756945910e-05 2.978297682826325311e-05 4.255748380101260424e-05 5.927446245732476284e-05 8.097774310366353081e-05
1.905460717963247397e-01 2.472036002515428179e-07 1.021544493093808496e-06 2.568881353938012011e-06 5.120502995880500381e-06 9.041110835063385332e-06 1.475906227763202139e-05 2.275988735358860801e-05 3.362103799555802311e-05 4.807143752031454818e-05 6.706371942619090726e-05 9.185036932381363407e-05
1.934936275390953253e-01 2.856390889964504418e-07 1.173864449004848413e-06 2.936109057975276560e-06 5.824052069860806918e-06 1.024443305006221536e-05 1.668008083351940908e-05 2.568648662180031411e-05 3.793653771585697943e-05 5.429326571498216587e-05 7.589597296617512083e-05 1.042492964170003717e-04
1.964867789993468006e-01 3.299310439651073965e-07 1.348123973233310663e-06 3.353267158691752561e-06 6.618270529741052975e-06 1.159694566845736724e-05 1.883478912424994969e-05 2.896983026320044887e-05 4.278956976489641607e-05 6.131936006244857978e-05 8.592459216552394497e-05 1.184143233984750814e-04
1.995262314968879735e-01 3.809469055880004543e-07 1.547327748996550207e-06 3.826651599989729631e-06 7.513767663744985033e-06 1.311540186908954550e-05 2.124956585517783809e-05 3.265218219580845357e-05 4.824883768168227593e-05 6.926157175820446153e-05 9.732951449327792632e-05 1.346287866340498357e-04
2.026127012621143364e-01 4.396773354314319415e-07 1.774860974956003351e-06 4.363259721845605812e-06 8.522213219509943588e-06 1.481820924825420596e-05 2.395367703169394794e-05 3.678122093402371291e-05 5.439323345441966079e-05 7.825023210585992724e-05 1.103225428165184374e-04 1.532282098912015234e-04
2.057469156047840031e-01 5.072527154344277348e-07 2.034531423017803277e-06 4.970851605888499251e-06 9.656416717694350140e-06 1.672558162906829601e-05 2.697965496641668062e-05 4.141094648442880097e-05 6.131376524906202176e-05 8.843782150322047788e-05 1.251537364632794927e-04 1.746106569394786565e-04
2.089296130854039757e-01 5.849614995661282376e-07 2.330614967293215226e-06 5.658013880233107946e-06 1.093041008316338232e-05 1.885971195055322641e-05 3.036375540932419515e-05 4.660279033999646333e-05 6.911591076231164200e-05 1.000034219751491567e-04 1.421190994487430629e-04 1.992490801039446932e-04
2.121615436892684559e-01 6.742709052305102386e-07 2.667904588527814632e-06 6.434225562463124931e-06 1.235953415243324740e-05 2.124497246530351673e-05 3.414651384046095889e-05 5.242697693583051364e-05 7.792249286641979961e-05 1.131581108979441648e-04 1.615698101161077934e-04 2.277060106598126777e-04
2.154434690031884481e-01 7.768496114786693198e-07 3.051762887933251473e-06 7.309925520358651880e-06 1.396052995663924161e-05 2.390815056933647770e-05 3.837342731972044109e-05 5.896419735881210669e-05 8.787718697073820730e-05 1.281514769485271002e-04 1.839232630463312522e-04 2.606509609479390802e-04
2.187761623949552869e-01 8.945934940549911665e-07 3.488177983377488472e-06 8.296581012678676308e-06 1.575163631292817584e-05 2.687873112388441523e-05 4.309579501282300270e-05 6.630766666669380088e-05 9.914879387227689669e-05 1.452794751788058383e-04 2.096762412452630271e-04 2.988809796169979919e-04
2.221604091955811655e-01 1.029653667472963742e-06 3.983822695727672171e-06 9.406756793482107173e-06 1.775269608523614555e-05 3.018923960971488707e-05 4.837175816400903297e-05 7.456565289191132643e-05 1.119364327033177501e-04 1.648938652610853779e-04 2.394205692341675959e-04 3.433448197446341906e-04
2.255970068843577148e-01 1.184467809751439414e-06 4.546116582616877779e-06 1.065418427374375720e-05 1.998527460190202104e-05 3.387566425348613567e-05 5.426759007684278283e-05 8.386458189993425245e-05 1.264758368721217562e-04 1.874135147837521006e-04 2.738616443518823154e-04 3.951712370852260054e-04
2.290867652767773488e-01 1.361794517598677323e-06 5.183290890125956956e-06 1.205383033731322425e-05 2.247279509833023444e-05 3.797798057302814961e-05 6.085929763081559732e-05 9.435284173395847484e-05 1.430469645366896393e-04 2.133378863068742949e-04 3.138402858174925208e-04 4.557019862173204076e-04
2.326305067153626172e-01 1.564751145045597852e-06 5.904455561445148018e-06 1.362196559283480083e-05 2.524069822098948135e-05 4.254080793557085178e-05 6.823460920094638659e-05 1.062054331599833495e-04 1.619831631220620114e-04 2.432630665847287704e-04 3.603583823692825257e-04 5.265300921297202908e-04
2.362290662634462801e-01 1.796855064969262289e-06 6.719667443304554051e-06 1.537623216410878915e-05 2.831663487606434989e-05 4.761423503301767429e-05 7.649543898273085439e-05 1.196296367532128090e-04 1.836821699893487225e-04 2.779007369798908839e-04 4.146088596284100251e-04 6.095440386808172878e-04
2.398832919019490972e-01 2.062068803635787735e-06 7.640000476947027034e-06 1.733571163106718691e-05 3.173070502518441521e-05 5.325486032734160966e-05 8.576093547772417993e-05 1.348718970789206182e-04 2.086192573298617406e-04 3.181005241793826051e-04 4.780105277036833349e-04 7.069785038593973808e-04
2.435940447292027078e-01 2.364848911529457290e-06 8.677614368078680218e-06 1.952099443807089359e-05 3.551575906760493607e-05 5.952710407339553933e-05 9.617124194813617935e-05 1.522261484606014673e-04 2.373628750407720956e-04 3.648762080319723801e-04 5.522483918749258218e-04 8.214722940792176407e-04
2.473621991638621231e-01 2.710198649603471990e-06 9.845824131728289310e-06 2.195425309506073461e-05 3.970778314146164407e-05 6.650486109709571284e-05 1.078921191042714247e-04 1.720438489616200309e-04 2.705931814734809527e-04 4.194363030385802596e-04 6.393200343366887365e-04 9.561341023824930854e-04
2.511886431509580686e-01 3.103725114835043484e-06 1.115916655142830319e-05 2.465932281570693097e-05 4.434639602399984020e-05 7.427357793244691983e-05 1.211206057615642743e-04 1.947460141957577779e-04 3.091238831666868244e-04 4.832195538165996317e-04 7.415886790462187248e-04 1.114616684750081637e-03
2.550742783711359429e-01 3.551699603760961439e-06 1.263346440025910216e-05 2.766179540216613371e-05 4.947549255561356127e-05 8.293285491560145790e-05 1.360919201254001567e-04 2.208375825460090307e-04 3.539278520050629924e-04 5.579359058602513565e-04 8.618435352016274231e-04 1.301199975441808552e-03
2.590200204531323824e-01 4.061122380761358360e-06 1.428588692657795186e-05 3.098913380586409136e-05 5.514407664474366513e-05 9.259969276832229397e-05 1.530878350690845126e-04 2.509244790608390380e-04 4.061670060584624637e-04 6.456135316680953595e-04 1.003367990560206143e-03 1.520883542136142619e-03
2.630267991895383073e-01 4.639790788643170822e-06 1.613500560466547154e-05 3.467081880817778013e-05 6.140733951169801504e-05 1.034125242589908254e-04 1.724467907264103561e-04 2.857337756075954932e-04 4.672269726443193630e-04 7.486524733151095866e-04 1.170016145262033373e-03 1.779488669077051218e-03
2.670955587558985211e-01 5.296370865617648272e-06 1.820084539333206158e-05 3.873854226798287108e-05 6.832804745240206128e-05 1.155361967747762418e-04 1.945760443942874424e-04 3.261373862606748645e-04 5.387570628850517178e-04 8.698854443657715388e-04 1.366298113763531096e-03 2.083770097736789562e-03
2.712272579332028477e-01 6.040471796081346279e-06 2.050493046352778881e-05 4.322646664913373197e-05 7.597832119591921003e-05 1.291680952665827972e-04 2.199661817834050752e-04 3.731797495594719582e-04 6.227160900644161494e-04 1.012646285699360729e-03 1.597474349361056997e-03 2.441537286536149542e-03
2.754228703338167383e-01 6.882722931515494554e-06 2.307032636720046775e-05 4.817157619831758482e-05 8.444190292490862874e-05 1.445456251752264942e-04 2.492083600460302112e-04 4.281099837130566271e-04 7.214245481018571101e-04 1.180846478707551399e-03 1.869659100671957610e-03 2.861784652637968437e-03
2.796833846309077498e-01 7.834852646187329494e-06 2.592167965344585964e-05 5.361415223413805458e-05 9.381702637937947486e-05 1.619553030032887773e-04 2.830146680793555608e-04 4.924190031234011852e-04 8.376236328146303544e-04 1.379060024436492855e-03 2.189932870528124749e-03 3.354829946213217298e-03
2.840098047914215162e-01 8.909767906253664407e-06 2.908525840442374380e-05 5.959841346519331089e-05 1.042200254253116380e-04 1.817437332567597790e-04 3.222420261038749030e-04 5.678820859450486262e-04 9.745415272604750732e-04 1.612616833019082192e-03 2.566463464630364295e-03 3.932459434501741138e-03
2.884031503126607276e-01 1.012163516303338027e-05 3.258899907738817568e-05 6.617337212043874312e-05 1.157898394480938128e-04 2.043307797961340137e-04 3.679200609984411489e-04 6.566073607611926446e-04 1.135967282767658994e-03 1.887704570250510906e-03 3.008634884699884580e-03 4.608078061042548447e-03
2.928644564625237368e-01 1.148595910431303172e-05 3.646256689423336950e-05 7.339396874723745135e-05 1.286935976804260209e-04 2.302252693722725606e-04 4.212834056568443225e-04 7.610906457693383592e-04 1.326332504315078792e-03 2.211478673604744261e-03 3.527182920672130781e-03 5.396862181656455169e-03
2.973947745234606366e-01 1.301966111638130376e-05 4.073744103979843201e-05 8.132256116280611529e-05 1.431334916667030782e-04 2.600435909180704472e-04 4.838088737860990994e-04 8.842770068245949704e-04 1.550800884142609351e-03 2.592179949278828732e-03 4.134335832946152423e-03 6.315911804255033672e-03
3.019951720402017648e-01 1.474115489129091129e-05 4.544703882842953318e-05 9.003085881290213142e-05 1.593551682202762451e-04 2.945315763761608861e-04 5.572579377301193791e-04 1.029629318171189920e-03 1.815365451002331392e-03 3.039258817602589775e-03 4.843958006316534740e-03 7.384398628390852724e-03
3.066667330713183648e-01 1.667041832284125603e-05 5.062689859244814451e-05 9.960241051957628570e-05 1.776579075368521022e-04 3.345900620557724740e-04 6.437249114317084584e-04 1.201203965650962917e-03 2.126953086689717474e-03 3.563504864420998213e-03 5.671693878155892841e-03 8.623705347344587727e-03
3.114105584446759667e-01 1.882906243040843690e-05 5.631494678796943233e-05 1.101357722067216504e-04 1.984068714560852564e-04 3.813045403666181577e-04 7.456911803292796525e-04 1.403733712248414868e-03 2.493535676232173839e-03 4.177179932244557206e-03 6.635108833406194555e-03 1.005755103166761262e-02
3.162277660168379412e-01 2.124039573255955181e-05 6.255188111196045711e-05 1.217485014016548016e-04 2.220477339880386528e-04 4.359793004032983411e-04 8.660857391071890253e-04 1.642717494833430660e-03 2.924246796615812948e-03 4.894152439707926024e-03 7.753823111812151517e-03 1.171209655254941591e-02
3.211194909364823991e-01 2.392948495536775452e-05 6.938171037109406615e-05 1.345821466807786140e-04 2.491240248894051887e-04 5.001764362876913754e-04 1.008352183773003879e-03 1.924516746838904769e-03 3.429502573392325445e-03 5.730030143426077111e-03 9.049634083944440785e-03 1.361602335914121817e-02
3.260868859118933871e-01 2.692321375868619678e-05 7.685250145153650571e-05 1.488084217734248090e-04 2.802975323640550642e-04 5.757600664299223573e-04 1.176522177929857638e-03 2.256457502242814519e-03 4.021124837580096478e-03 6.702287929608342909e-03 1.054662163682501541e-02 1.580057817792527783e-02
3.311311214825911065e-01 3.025034080425852216e-05 8.501739236786306998e-05 1.646367768071742093e-04 3.163721170753149774e-04 6.649460481219291027e-04 1.375295198484436038e-03 2.646937256193926565e-03 4.712464283143965281e-03 7.830386710456202493e-03 1.227123071851522230e-02 1.829957569108710616e-02
3.362533862951628261e-01 3.394156109620064253e-05 9.393594624490426450e-05 1.823236009777541567e-04 3.583212879708380259e-04 7.703573713131612591e-04 1.610124207318068415e-03 3.105535211189214967e-03 5.518520869810770134e-03 9.135878867030546371e-03 1.425232455885314456e-02 2.114935079068030327e-02
3.414548873833602727e-01 3.802957619898651845e-05 1.036759315753984861e-04 2.021833063152841579e-04 4.073198731200941363e-04 8.950853329840213236e-04 1.887306587684390354e-03 3.643124109050078618e-03 6.456058158551518898e-03 1.064249519042895914e-02 1.652120154734050550e-02 2.438865175724503481e-02
3.467368504525316641e-01 4.254918078542568746e-05 1.143156285536291270e-04 2.246015658635936124e-04 4.647800899953195516e-04 1.042756414463418381e-03 2.214079440487576409e-03 4.271981476957843228e-03 7.543707857032487703e-03 1.237620771381002342e-02 1.911156842534805084e-02 2.805846567609767903e-02
3.521005201684521135e-01 4.753737556743153355e-05 1.259467789837682950e-04 2.500509841425254277e-04 5.323922663178315244e-04 1.217604645467818252e-03 2.598718005503870658e-03 5.005897699515202311e-03 8.802060309063585927e-03 1.436526248319584809e-02 2.205946218640100764e-02 3.220176770797997939e-02
3.575471604506214596e-01 5.303352046598124503e-05 1.386783110592233986e-04 2.791094861132405766e-04 6.121704044471557677e-04 1.424549001790936537e-03 3.050635621772621129e-03 5.860277874417773106e-03 1.025373631654898955e-02 1.664017589987962578e-02 2.540311306445587614e-02 3.686318637617001098e-02
3.630780547701014105e-01 5.907954531043354212e-05 1.526409870121914084e-04 3.124817081868016058e-04 7.065026651326287901e-04 1.669275166860031013e-03 3.580483304259959865e-03 6.852234029029602089e-03 1.192343521849305830e-02 1.923368817318572843e-02 2.918274128153013416e-02 4.208857800427991125e-02
3.686945064519577264e-01 6.572023996787173280e-05 1.679931382270306677e-04 3.510236597909383591e-04 8.182067632623857278e-04 1.958320721600934761e-03 4.200246629150356306e-03 8.000663919047351982e-03 1.383795398420024046e-02 2.218066728559470874e-02 3.344028051220332420e-02 4.792450486380965546e-02
3.743978389823812702e-01 7.300365091502483445e-05 1.849276647157770907e-04 3.957708985564081404e-04 9.505900860505504379e-04 2.299162511110367998e-03 4.923337266282959944e-03 9.326312264778679681e-03 1.602617180414594306e-02 2.551795716221159568e-02 3.821902203077211235e-02 5.441761343438645399e-02
3.801893963205612570e-01 8.098161702218891964e-05 2.036804899858102823e-04 4.479704216581974078e-04 1.107514205316417061e-03 2.700304674083899535e-03 5.764676164754224848e-03 1.085181007720054970e-02 1.851899470708670906e-02 2.928416391920359019e-02 4.356317447321785691e-02 6.161391156761254068e-02
3.860705432153813121e-01 8.971048337894560118e-05 2.245406706504233401e-04 5.091164188003241683e-04 1.293463235106128697e-03 3.171365448721397053e-03 6.740765084445083863e-03 1.260168752263215661e-02 2.134925474027865935e-02 3.351937489364070766e-02 4.951733565161536843e-02 6.955794626448499884e-02
3.920426655270153882e-01 9.925203965949686892e-05 2.478623635645825799e-04 5.809899521729783387e-04 1.513615271336308946e-03 3.723160612040984398e-03 7.869742918406906831e-03 1.460235575779356143e-02 2.455155861425705605e-02 3.826480580330645503e-02 5.612587480041745375e-02 7.829188732915910720e-02
3.981071705534973137e-01 1.096747352723982042e-04 2.740788541879632823e-04 6.657025404872451329e-04 1.773915919304247350e-03 4.367781064071358729e-03 9.171423072314915936e-03 1.688205316969637257e-02 2.816208110734421885e-02 4.356237270552398150e-02 6.343222587537016011e-02 8.785452620170006166e-02
4.042654873623443001e-01 1.210552324190824732e-04 3.037188412928846625e-04 7.657435001702763344e-04 2.081152643750562581e-03 5.118661823477557021e-03 1.066730809940892588e-02 1.947075172107088151e-02 3.221829916071756311e-02 4.945418676109211015e-02 7.147809519440977144e-02 9.828020387568793537e-02
4.105190671273080683e-01 1.334803647144583980e-04 3.374251537808485449e-04 8.840307622057584202e-04 2.443028425213157953e-03 5.990639470011695222e-03 1.238057770261470451e-02 2.240001933685182439e-02 3.675866351356295997e-02 5.598197161522801280e-02 8.030259006079523698e-02 1.095976870766871142e-01
4.168693834703355305e-01 1.470495764040294676e-04 3.759760528259576719e-04 1.023964728266658821e-03 2.868232942344086517e-03 6.999994900222127579e-03 1.433604648130554216e-02 2.570283483704571825e-02 4.182220573666960844e-02 6.318640520584001274e-02 8.994127827358067151e-02 1.218290172932084692e-01
4.233179328088209070e-01 1.618779235347504600e-04 4.203092334571137791e-04 1.189484553663011689e-03 3.366509259189760968e-03 8.164478169792861381e-03 1.656008783135322696e-02 2.941335245205365864e-02 4.744807983631638831e-02 7.110639027875270690e-02 1.004251926604059070e-01 1.349883631629782144e-01
4.298662347082278790e-01 1.780997239301593390e-04 4.715485855220296436e-04 1.385126053897221951e-03 3.948713770864453396e-03 9.503312207125814634e-03 1.908052095473906570e-02 3.356661380057318622e-02 5.367503914292417327e-02 7.977826052173719873e-02 1.117797988009202187e-01 1.490809124773116723e-01
4.365158322401661017e-01 1.958729466218048524e-04 5.310337185838148299e-04 1.616080238294568530e-03 4.626866982769706205e-03 1.103717223334200158e-02 2.192645818731695298e-02 3.819820611004403482e-02 6.054085091587266265e-02 8.923493210583406665e-02 1.240239488284519964e-01 1.641018457985116141e-01
4.432682923460088964e-01 2.153844330457330039e-04 6.003521711112392873e-04 1.888251277720401225e-03 5.414192574490142920e-03 1.278813796601839699e-02 2.512811062006814478e-02 4.334386649074400272e-02 6.808165309431349344e-02 9.950501374925084519e-02 1.371688485925357803e-01 1.800354384873303626e-01
4.501252062061338877e-01 2.368560420242951192e-04 6.813741401078707250e-04 2.208312490390372442e-03 6.325142113145597669e-03 1.477961593201353868e-02 2.871655045069099882e-02 4.903903340366337626e-02 7.633125985869265717e-02 1.106118916996795404e-01 1.512170701139532170e-01 1.968543420601399363e-01
4.570881896148751844e-01 2.605518061819747807e-04 7.762894588330432766e-04 2.583758792235694383e-03 7.375402817102603981e-03 1.703622962299208843e-02 3.272342948084146219e-02 5.531834769430781645e-02 8.532042490574009985e-02 1.225728094072543461e-01 1.661616454641990093e-01 2.145190978472178434e-01
4.641588833612779741e-01 2.867861803067911735e-04 8.876464406357476890e-04 3.022953841651718904e-03 8.581885823311017486e-03 1.958367571180773259e-02 3.718065378658500647e-02 6.221510732820990930e-02 9.507607405662732436e-02 1.353979652500012509e-01 1.819852818147894846e-01 2.329779362194500658e-01
4.713389536157404636e-01 3.159334502392396752e-04 1.018392083141821461e-03 3.535170022985663525e-03 9.962692632711891982e-03 2.244854510398173325e-02 4.212001572914211844e-02 6.976068142562291685e-02 1.056205212671469940e-01 1.490896547385494042e-01 1.986597402872131435e-01 2.521669118835460077e-01
4.786300923226385340e-01 3.484383547789369822e-04 1.171912997211721616e-03 4.130619288913017946e-03 1.153705759741877404e-02 2.565810819070739671e-02 4.757278539660290267e-02 7.798389123455816418e-02 1.169706848970936547e-01 1.636414865709502897e-01 2.161454225322507749e-01 2.720104198666142281e-01
4.860340175990218725e-01 3.848279514703876873e-04 1.352076285048203156e-03 4.820472860011183053e-03 1.332526472352999446e-02 2.924006437861114208e-02 5.356926458521001772e-02 8.691036757765896459e-02 1.291373234770903933e-01 1.790377042900160309e-01 2.343912091404900255e-01 2.924221265787411705e-01
4.935524741394806680e-01 4.257247318668092267e-04 1.563269483058785190e-03 5.616867788800772310e-03 1.534853744073119003e-02 3.322225666196122057e-02 6.013830776800806188e-02 9.656189643721313498e-02 1.421243126572273863e-01 1.952526468298715068e-01 2.533345914888826544e-01 3.133063366561159024e-01
5.011872336272724660e-01 4.718609559786763729e-04 1.810438530855196541e-03 6.532898462108387670e-03 1.762890044706785786e-02 3.763235265970493043e-02 6.730681580725957069e-02 1.069557665242705097e-01 1.559279868533076652e-01 2.122503817274601912e-01 2.729021343701376057e-01 3.345597970718202641e-01
5.089400951518091576e-01 5.240941479234328482e-04 2.099122648700442028e-03 7.582591285098336069e-03 2.018901329112628498e-02 4.249749440734978262e-02 7.509920941674029515e-02 1.181041346685340054e-01 1.705365704094339019e-01 2.299845442388555872e-01 2.930102991909941945e-01 3.560739174341834845e-01
5.168128856326035248e-01 5.834236380122282415e-04 2.435484883442942845e-03 8.780860969995267842e-03 2.305197584644568670e-02 4.784391984053706220e-02 8.353689126886905403e-02 1.300134270928359481e-01 1.859297236607543313e-01 2.483984134238770014e-01 3.135666473712201419e-01 3.777373578824375633e-01
5.248074602497728725e-01 6.510080082030065369e-04 2.826337033094696201e-03 1.014344712006814281e-02 2.624110641839238686e-02 5.369655983037203290e-02 9.263770713645154420e-02 1.426837958687652286e-01 2.020782287611819772e-01 2.674252527314281980e-01 3.344714299060662643e-01 3.994389058561059747e-01
5.329257028812005581e-01 7.281832326518560905e-04 3.279157608834461137e-03 1.168683016508892565e-02 2.977969372825722480e-02 6.007861538759140529e-02 1.024154184275574142e-01 1.561086513712330037e-01 2.189438385522114450e-01 2.869889372709214515e-01 3.556195522299949729e-01 4.210705305278460986e-01
5.411695265464637750e-01 8.164812623602592549e-04 3.802101481915838403e-03 1.342812599755049095e-02 3.369072451146105929e-02 6.701112082580985840e-02 1.128792003457122634e-01 1.702742915292452808e-01 2.364793088508458929e-01 3.070048832565098751e-01 3.769028834033307795e-01 4.425304715812071188e-01
5.495408738576248453e-01 9.176487387767859154e-04 4.403999893940256476e-03 1.538495910548578170e-02 3.799658905508022932e-02 7.451249968562645432e-02 1.240331817546911769e-01 1.851596480656935995e-01 2.546286305265888505e-01 3.273812866167312707e-01 3.982128553816990379e-01 4.637261893568996318e-01
5.580417174769966016e-01 1.033665488628262652e-03 5.094349569549506268e-03 1.757531439901573872e-02 4.271876736033310140e-02 8.259812165969550313e-02 1.358760444230611153e-01 2.007361677403194655e-01 2.733274725780048264e-01 3.480206677175372576e-01 4.194432718976975893e-01 4.845769803249574958e-01
5.666740605819913235e-01 1.166762354769256081e-03 5.883289780616587743e-03 2.001736830496465142e-02 4.787749917456837062e-02 9.127987030848593031e-02 1.484007003933447422e-01 2.169678432101865007e-01 2.925038417759201481e-01 3.688217077318121095e-01 4.404932190059982489e-01 5.050160488884009036e-01
5.754399373371569260e-01 1.319437926013822173e-03 6.781566338686291842e-03 2.272930009412962513e-02 5.349144173587392498e-02 1.005657331480696304e-01 1.615940665318846003e-01 2.338114028714946002e-01 3.120789583521016985e-01 3.896813487388562924e-01 4.612699405732318958e-01 5.249918291913329149e-01
5.843414133735178595e-01 1.494473625154238341e-03 7.800481687830237813e-03 2.572908481299025774e-02 5.957731966293154657e-02 1.104594276066871994e-01 1.754369542501711399e-01 2.512166626706465178e-01 3.319683416431436496e-01 4.104971141960004344e-01 4.816915154028079682e-01 5.444683722548830929e-01
5.933805862753280813e-01 1.694946588867067214e-03 8.951830457669562868e-03 2.903426947526671978e-02 6.614957232229248807e-02 1.209600782526251278e-01 1.899040899356459755e-01 2.691270357112283129e-01 3.520830945750109131e-01 4.311695884925474398e-01 5.016891504327614104e-01 5.634246595733168883e-01
6.025595860743577781e-01 1.924239767024084335e-03 1.024782008454018858e-02 3.266173444102728890e-02 7.322000507560090521e-02 1.320619623294464751e-01 2.049642771203284697e-01 2.874801880557025791e-01 3.723313717832133496e-01 4.516049733567807922e-01 5.212088911875641939e-01 5.818527754073453684e-01
6.118805757518221977e-01 2.186048558073683517e-03 1.170097635231502099e-02 3.662744234751335454e-02 8.079745216033412669e-02 1.437543416501684268e-01 2.205807050475618869e-01 3.062088227519413897e-01 3.926200123083508631e-01 4.717176150064603668e-01 5.402125514267515083e-01 5.997549678825404573e-01
6.213457517480758252e-01 2.484383368349745401e-03 1.332403399474170122e-02 4.094617717311126170e-02 8.888746057333646311e-02 1.560213988362795234e-01 2.367114001932205947e-01 3.252415698490860874e-01 4.128563134575948812e-01 4.914323696518206885e-01 5.586776855276391895e-01 6.171397489869258068e-01
6.309573444801933606e-01 2.823567358187706842e-03 1.512981275493996934e-02 4.563127647041105572e-02 9.749200611887968992e-02 1.688422944257317038e-01 2.533098079517863699e-01 3.445039584955921219e-01 4.329499151795357381e-01 5.106866495222852631e-01 5.765964772746225986e-01 6.340173144938817673e-01
6.407176188675540729e-01 3.208228727308270935e-03 1.713107963210290519e-02 5.069436040946547622e-02 1.066092545770495614e-01 1.821913578934520883e-01 2.703254824078311080e-01 3.639194488880554967e-01 4.528147529397326676e-01 5.294319710164316906e-01 5.939735037536351125e-01 6.503946817794058477e-01
6.506288748655573162e-01 3.643286783290268505e-03 1.934039835839779231e-02 5.614506184411682116e-02 1.162333825041466095e-01 1.960384203969308126e-01 2.877048537102588344e-01 3.834105056786186738e-01 4.723710190379676876e-01 5.476348213179513813e-01 6.108224536995658926e-01 6.662710059570038368e-01
6.606934480075961069e-01 4.133931147930054034e-03 2.176996753101278007e-02 6.199076254585941803e-02 1.263544732035142004e-01 2.103492897831124864e-01 3.053920365614487542e-01 4.028996988372661181e-01 4.915470487043597791e-01 5.652766812147770326e-01 6.271620221074709622e-01 6.816334949601313697e-01
6.709137099554115524e-01 4.685593353943424098e-03 2.443144922072707295e-02 6.823634160919618552e-02 1.369585036569718750e-01 2.250863597986086095e-01 3.233296401193284098e-01 4.223108205778329793e-01 5.102810219979888595e-01 5.823531014389377036e-01 6.430113315600834989e-01 6.964541708613493087e-01
6.812920690579614691e-01 5.303910271364115428e-03 2.733579037446695267e-02 7.488394300557763006e-02 1.480274375384135199e-01 2.402093357963284992e-01 3.414595397441483882e-01 4.415700051963971084e-01 5.285223550724427177e-01 5.988718306454959839e-01 6.583852902981596200e-01 7.106874415115749244e-01
6.918309709189366385e-01 5.994678713104947300e-03 3.049303976748961656e-02 8.193277016283055658e-02 1.595394377592960211e-01 2.556760492159327325e-01 3.597235733808816227e-01 4.606068324934873837e-01 5.462326571040052592e-01 6.148501168350005708e-01 6.732902318383273688e-01 7.242681559580779194e-01
7.025328989730521556e-01 6.763800822531945700e-03 3.391216380827190985e-02 8.937891635566776183e-02 1.714692092724454664e-01 2.714433226979378055e-01 3.780641295231341736e-01 4.793553880689967461e-01 5.633861641764636996e-01 6.303114078380017693e-01 6.877199753185403441e-01 7.371096804414757342e-01
7.134003750712564207e-01 7.617219880694891740e-03 3.760086481617003901e-02 9.721524070028358944e-02 1.837884787636635264e-01 2.874678372809392202e-01 3.964245989759024869e-01 4.977552530475106152e-01 5.799696257630955198e-01 6.452817007780888847e-01 7.016521639275451472e-01 7.491016870941031858e-01
7.244359600749902262e-01 8.560846429792552670e-03 4.156540579384567641e-02 1.054313008519773137e-01 1.964666119190187354e-01 3.037069424666755113e-01 4.147496711546709292e-01 5.157524104467273718e-01 5.959816923890177698e-01 6.597856887557302930e-01 7.150445311150555039e-01 7.601077941469300825e-01
7.356422544596413760e-01 9.600474767884717084e-03 4.581044596113538481e-02 1.140133551944466223e-01 2.094713596307408443e-01 3.201193402519884046e-01 4.329854717698874977e-01 5.333000898212040264e-01 6.114318892833459085e-01 6.738426373259923663e-01 7.278307882205506951e-01 7.699637337758785671e-01
7.470218989273319510e-01 1.074169009733732909e-02 5.033889179675719167e-02 1.229444491348388180e-01 2.227697114113724453e-01 3.366655678622923475e-01 4.510795694332079830e-01 5.503596151150487170e-01 6.263392105412353139e-01 6.874616933843031852e-01 7.399162089264322839e-01 7.784770204183243392e-01
7.585775750291839925e-01 1.198976683446771954e-02 5.515176918385793214e-02 1.322046012506855328e-01 2.363288155609842012e-01 3.533082062500824128e-01 4.689809292613682512e-01 5.669013441864471092e-01 6.407302086995820822e-01 7.006362560039035570e-01 7.511735910000529870e-01 7.854288896764917149e-01
7.703120057972147050e-01 1.334955886272811212e-02 6.024812379702580711e-02 1.417711039904995252e-01 2.501169026281324648e-01 3.700117604736771204e-01 4.866399577322328973e-01 5.829057483468935708e-01 6.546362267056526907e-01 7.133372805771434066e-01 7.614407832012463073e-01 7.905786065479553093e-01
7.822279563860029539e-01 1.482538296029603520e-02 6.562495902544575321e-02 1.516189484676794819e-01 2.641041239251868955e-01 3.867422028121417776e-01 5.040088455293189051e-01 5.983645411787460455e-01 6.680892423768255428e-01 7.255059661127244430e-01 7.705210044795689495e-01 7.936694761653076968e-01
7.943282347242817121e-01 1.642089745418739283e-02 7.127722324965878042e-02 1.617213717403822582e-01 2.782631966391042044e-01 4.034662457620684095e-01 5.210424354495919452e-01 6.132815300834457695e-01 6.811158331339580707e-01 7.370469925078589890e-01 7.781865839729619205e-01 7.944355561047384828e-01
8.066156921766135524e-01 1.813897952959307031e-02 7.719786000043483976e-02 1.720505068574035568e-01 2.925697413388169688e-01 4.201505148228349418e-01 5.376997749220937539e-01 6.276725969889022094e-01 6.937291419345520405e-01 7.478239556891479456e-01 7.841857251129634720e-01 7.926085064425164584e-01
8.190932242152976217e-01 1.998160673147110836e-02 8.337793410692077856e-02 1.825780916799431830e-01 3.070022184985079505e-01 4.367608977098255685e-01 5.539463252139918970e-01 6.415640438538197099e-01 7.059194101424617340e-01 7.576585336011341099e-01 7.882509788653179195e-01 7.879251258863083640e-01
8.317637711026713010e-01 2.194975111671700063e-02 8.980684247679904253e-02 1.932761654396978335e-01 3.215414291095138877e-01 4.532624147053238572e-01 5.697565063315833678e-01 6.549886081456549602e-01 7.176444199106840616e-01 7.663341046965482795e-01 7.901078599603352792e-01 7.801373918066286661e-01
8.446303185839686423e-01 2.404329762554003116e-02 9.647260854326643320e-02 2.041176586055873377e-01 3.361696442363126813e-01 4.696199301565732731e-01 5.851159338455549364e-01 6.679788487306251854e-01 7.288217032901540549e-01 7.736033207187654748e-01 7.894826916374234616e-01 7.690275679921810825e-01
8.576958985908941235e-01 2.626100148524520075e-02 1.033622436229221508e-01 2.150767709902382530e-01 3.508695585956168039e-01 4.857998649735907337e-01 6.000224837657549548e-01 6.805582754688729308e-01 7.393243125945504479e-01 7.791980731978979113e-01 7.861100696784777409e-01 7.544306457465562721e-01
8.709635899560810302e-01 2.860050096248269516e-02 1.104621382965957771e-01 2.261290458960601713e-01 3.656233935938723034e-01 5.017727694942003547e-01 6.144853418867458617e-01 6.927313430956311135e-01 7.489812269274558343e-01 7.828399245476281854e-01 7.797416919618678222e-01 7.362648882771398728e-01
8.844365191385998859e-01 3.105840129183051745e-02 1.177584243619317905e-01 2.372510932922594629e-01 3.804125561465909744e-01 5.175162373967897578e-01 6.285215294674930675e-01 7.044739591297797254e-01 7.575823395181743303e-01 7.842495974262477798e-01 7.701590609450890135e-01 7.145688013578321840e-01
8.981178609606945695e-01 3.363044110417941907e-02 1.252372286554662706e-01 2.484199962480015955e-01 3.952182356404194685e-01 5.330173078859857805e-01 6.421499966931705217e-01 7.157262180867769441e-01 7.648869027906383122e-01 7.831552862982167351e-01 7.571923284152272116e-01 6.895400102605031556e-01
9.120108393559100968e-01 3.631174437298861912e-02 1.328847293889624803e-01 2.596125446209976984e-01 4.100231514013893963e-01 5.482733695693161602e-01 6.553840552140456355e-01 7.263886045622995891e-01 7.706337543866911277e-01 7.793008474475852099e-01 7.407462602994264733e-01 6.615690117519295033e-01
9.261187281287937001e-01 3.909714798079962778e-02 1.406869311096220765e-01 2.708045573090774871e-01 4.248143484482093113e-01 5.632907630286712042e-01 6.682234269735845000e-01 7.363220783719183204e-01 7.745517948109980066e-01 7.724558135433730044e-01 7.208322063377262667e-01 6.312593499440727340e-01
9.404448517263518381e-01 4.198157939652441550e-02 1.486291008901803323e-01 2.819706450368441031e-01 4.395865394608065579e-01 5.780807916656941492e-01 6.806473096232237285e-01 7.453516043866872387e-01 7.763698785485324549e-01 7.624293486488482596e-01 6.976025223358777172e-01 5.994260796352023357e-01
9.549925860214364404e-01 4.496044201283301567e-02 1.566948589920494073e-01 2.930847892546466493e-01 4.543451225061490018e-01 5.926535633745826370e-01 6.926095435307765280e-01 7.532721546604919105e-01 7.758261447004478617e-01 7.490896307417236333e-01 6.713816848650254743e-01 5.670667907233777338e-01
9.697653591082495694e-01 4.802995119086381215e-02 1.648649883794126303e-01 3.041220361324422639e-01 4.691078086418455362e-01 6.070107567294583673e-01 7.040363470475998753e-01 7.598561552470809444e-01 7.726775006676636082e-01 7.323888043995328001e-01 6.426869732061849527e-01 5.353038659041919889e-01
9.847666521101583470e-01 5.118735502018365024e-02 1.731161101480382936e-01 3.150614161257013768e-01 4.839038878999504800e-01 6.211387739111065009e-01 7.148264291077921495e-01 7.648616943076377295e-01 7.667103213256335481e-01 7.123917762708156243e-01 6.122316197169511698e-01 5.053023266270576519e-01
1.000000000000000000e+00 5.443097424019164438e-02 1.814194485664862577e-01 3.258899213166459030e-01 4.987705816070165388e-01 6.350036486141574787e-01 7.248528545500418918e-01 7.680412929085468354e-01 7.577534489431912990e-01 6.893050560873938970e-01 5.809050808111239084e-01 4.781733207950606412e-01
