-1.500000000e-02 -7.762084181e-02
-1.250000000e-02 -7.806238086e-02
-1.000000000e-02 -7.842183815e-02
-7.500000000e-03 -7.870029987e-02
-5.000000000e-03 -7.889860524e-02
-2.500000000e-03 -7.901735071e-02
 0.000000000e+00 -7.905689297e-02
 2.500000000e-03 -7.901735071e-02
 5.000000000e-03 -7.889860524e-02
 7.500000000e-03 -7.870029987e-02
 1.000000000e-02 -7.842183815e-02
 1.250000000e-02 -7.806238086e-02
 1.500000000e-02 -7.762084181e-02
 1.557836622e-02 -7.750000000e-02
 1.750000000e-02 -7.709537143e-02
 2.000000000e-02 -7.648462252e-02
 2.250000000e-02 -7.578688029e-02
 2.500000000e-02 -7.500000000e-02
 2.500000000e-02 -7.500000000e-02
 2.750000000e-02 -7.411861076e-02
 3.000000000e-02 -7.314260154e-02
 3.150374842e-02 -7.250000000e-02
 3.250000000e-02 -7.206654108e-02
 3.500000000e-02 -7.088531839e-02
 3.672801367e-02 -7.000000000e-02
 3.750000000e-02 -6.959559909e-02
 4.000000000e-02 -6.818865048e-02
 4.114147852e-02 -6.750000000e-02
 4.250000000e-02 -6.665836202e-02
 4.500000000e-02 -6.500000000e-02
 4.500000000e-02 -6.500000000e-02
 4.750000000e-02 -6.319263465e-02
 4.840304997e-02 -6.250000000e-02
 5.000000000e-02 -6.123214340e-02
 5.146963046e-02 -6.000000000e-02
 5.250000000e-02 -5.910251918e-02
 5.424984657e-02 -5.750000000e-02
 5.500000000e-02 -5.678354636e-02
 5.678354636e-02 -5.500000000e-02
 5.750000000e-02 -5.424984657e-02
 5.910251918e-02 -5.250000000e-02
 6.000000000e-02 -5.146963046e-02
 6.123214340e-02 -5.000000000e-02
 6.250000000e-02 -4.840304997e-02
 6.319263465e-02 -4.750000000e-02
 6.500000000e-02 -4.500000000e-02
 6.500000000e-02 -4.500000000e-02
 6.665836202e-02 -4.250000000e-02
 6.750000000e-02 -4.114147852e-02
 6.818865048e-02 -4.000000000e-02
 6.959559909e-02 -3.750000000e-02
 7.000000000e-02 -3.672801367e-02
 7.088531839e-02 -3.500000000e-02
 7.206654108e-02 -3.250000000e-02
 7.250000000e-02 -3.150374842e-02
 7.314260154e-02 -3.000000000e-02
 7.411861076e-02 -2.750000000e-02
 7.500000000e-02 -2.500000000e-02
 7.500000000e-02 -2.500000000e-02
 7.578688029e-02 -2.250000000e-02
 7.648462252e-02 -2.000000000e-02
 7.709537143e-02 -1.750000000e-02
 7.750000000e-02 -1.557836622e-02
 7.762084181e-02 -1.500000000e-02
 7.806238086e-02 -1.250000000e-02
 7.842183815e-02 -1.000000000e-02
 7.870029987e-02 -7.500000000e-03
 7.889860524e-02 -5.000000000e-03
 7.901735071e-02 -2.500000000e-03
 7.905689297e-02  0.000000000e+00
 7.901735071e-02  2.500000000e-03
 7.889860524e-02  5.000000000e-03
 7.870029987e-02  7.500000000e-03
 7.842183815e-02  1.000000000e-02
 7.806238086e-02  1.250000000e-02
 7.762084181e-02  1.500000000e-02
 7.750000000e-02  1.557836622e-02
 7.709537143e-02  1.750000000e-02
 7.648462252e-02  2.000000000e-02
 7.578688029e-02  2.250000000e-02
 7.500000000e-02  2.500000000e-02
 7.500000000e-02  2.500000000e-02
 7.411861076e-02  2.750000000e-02
 7.314260154e-02  3.000000000e-02
 7.250000000e-02  3.150374842e-02
 7.206654108e-02  3.250000000e-02
 7.088531839e-02  3.500000000e-02
 7.000000000e-02  3.672801367e-02
 6.959559909e-02  3.750000000e-02
 6.818865048e-02  4.000000000e-02
 6.750000000e-02  4.114147852e-02
 6.665836202e-02  4.250000000e-02
 6.500000000e-02  4.500000000e-02
 6.500000000e-02  4.500000000e-02
 6.319263465e-02  4.750000000e-02
 6.250000000e-02  4.840304997e-02
 6.123214340e-02  5.000000000e-02
 6.000000000e-02  5.146963046e-02
 5.910251918e-02  5.250000000e-02
 5.750000000e-02  5.424984657e-02
 5.678354636e-02  5.500000000e-02
 5.500000000e-02  5.678354636e-02
 5.424984657e-02  5.750000000e-02
 5.250000000e-02  5.910251918e-02
 5.146963046e-02  6.000000000e-02
 5.000000000e-02  6.123214340e-02
 4.840304997e-02  6.250000000e-02
 4.750000000e-02  6.319263465e-02
 4.500000000e-02  6.500000000e-02
 4.500000000e-02  6.500000000e-02
 4.250000000e-02  6.665836202e-02
 4.114147852e-02  6.750000000e-02
 4.000000000e-02  6.818865048e-02
 3.750000000e-02  6.959559909e-02
 3.672801367e-02  7.000000000e-02
 3.500000000e-02  7.088531839e-02
 3.250000000e-02  7.206654108e-02
 3.150374842e-02  7.250000000e-02
 3.000000000e-02  7.314260154e-02
 2.750000000e-02  7.411861076e-02
 2.500000000e-02  7.500000000e-02
 2.500000000e-02  7.500000000e-02
 2.250000000e-02  7.578688029e-02
 2.000000000e-02  7.648462252e-02
 1.750000000e-02  7.709537143e-02
 1.557836622e-02  7.750000000e-02
 1.500000000e-02  7.762084181e-02
 1.250000000e-02  7.806238086e-02
 1.000000000e-02  7.842183815e-02
 7.500000000e-03  7.870029987e-02
 5.000000000e-03  7.889860524e-02
 2.500000000e-03  7.901735071e-02
 0.000000000e+00  7.905689297e-02
-2.500000000e-03  7.901735071e-02
-5.000000000e-03  7.889860524e-02
-7.500000000e-03  7.870029987e-02
-1.000000000e-02  7.842183815e-02
-1.250000000e-02  7.806238086e-02
-1.500000000e-02  7.762084181e-02
-1.557836622e-02  7.750000000e-02
-1.750000000e-02  7.709537143e-02
-2.000000000e-02  7.648462252e-02
-2.250000000e-02  7.578688029e-02
-2.500000000e-02  7.500000000e-02
-2.500000000e-02  7.500000000e-02
-2.750000000e-02  7.411861076e-02
-3.000000000e-02  7.314260154e-02
-3.150374842e-02  7.250000000e-02
-3.250000000e-02  7.206654108e-02
-3.500000000e-02  7.088531839e-02
-3.672801367e-02  7.000000000e-02
-3.750000000e-02  6.959559909e-02
-4.000000000e-02  6.818865048e-02
-4.114147852e-02  6.750000000e-02
-4.250000000e-02  6.665836202e-02
-4.500000000e-02  6.500000000e-02
-4.500000000e-02  6.500000000e-02
-4.750000000e-02  6.319263465e-02
-4.840304997e-02  6.250000000e-02
-5.000000000e-02  6.123214340e-02
-5.146963046e-02  6.000000000e-02
-5.250000000e-02  5.910251918e-02
-5.424984657e-02  5.750000000e-02
-5.500000000e-02  5.678354636e-02
-5.678354636e-02  5.500000000e-02
-5.750000000e-02  5.424984657e-02
-5.910251918e-02  5.250000000e-02
-6.000000000e-02  5.146963046e-02
-6.123214340e-02  5.000000000e-02
-6.250000000e-02  4.840304997e-02
-6.319263465e-02  4.750000000e-02
-6.500000000e-02  4.500000000e-02
-6.500000000e-02  4.500000000e-02
-6.665836202e-02  4.250000000e-02
-6.750000000e-02  4.114147852e-02
-6.818865048e-02  4.000000000e-02
-6.959559909e-02  3.750000000e-02
-7.000000000e-02  3.672801367e-02
-7.088531839e-02  3.500000000e-02
-7.206654108e-02  3.250000000e-02
-7.250000000e-02  3.150374842e-02
-7.314260154e-02  3.000000000e-02
-7.411861076e-02  2.750000000e-02
-7.500000000e-02  2.500000000e-02
-7.500000000e-02  2.500000000e-02
-7.578688029e-02  2.250000000e-02
-7.648462252e-02  2.000000000e-02
-7.709537143e-02  1.750000000e-02
-7.750000000e-02  1.557836622e-02
-7.762084181e-02  1.500000000e-02
-7.806238086e-02  1.250000000e-02
-7.842183815e-02  1.000000000e-02
-7.870029987e-02  7.500000000e-03
-7.889860524e-02  5.000000000e-03
-7.901735071e-02  2.500000000e-03
-7.905689297e-02  0.000000000e+00
-7.901735071e-02 -2.500000000e-03
-7.889860524e-02 -5.000000000e-03
-7.870029987e-02 -7.500000000e-03
-7.842183815e-02 -1.000000000e-02
-7.806238086e-02 -1.250000000e-02
-7.762084181e-02 -1.500000000e-02
-7.750000000e-02 -1.557836622e-02
-7.709537143e-02 -1.750000000e-02
-7.648462252e-02 -2.000000000e-02
-7.578688029e-02 -2.250000000e-02
-7.500000000e-02 -2.500000000e-02
-7.500000000e-02 -2.500000000e-02
-7.411861076e-02 -2.750000000e-02
-7.314260154e-02 -3.000000000e-02
-7.250000000e-02 -3.150374842e-02
-7.206654108e-02 -3.250000000e-02
-7.088531839e-02 -3.500000000e-02
-7.000000000e-02 -3.672801367e-02
-6.959559909e-02 -3.750000000e-02
-6.818865048e-02 -4.000000000e-02
-6.750000000e-02 -4.114147852e-02
-6.665836202e-02 -4.250000000e-02
-6.500000000e-02 -4.500000000e-02
-6.500000000e-02 -4.500000000e-02
-6.319263465e-02 -4.750000000e-02
-6.250000000e-02 -4.840304997e-02
-6.123214340e-02 -5.000000000e-02
-6.000000000e-02 -5.146963046e-02
-5.910251918e-02 -5.250000000e-02
-5.750000000e-02 -5.424984657e-02
-5.678354636e-02 -5.500000000e-02
-5.500000000e-02 -5.678354636e-02
-5.424984657e-02 -5.750000000e-02
-5.250000000e-02 -5.910251918e-02
-5.146963046e-02 -6.000000000e-02
-5.000000000e-02 -6.123214340e-02
-4.840304997e-02 -6.250000000e-02
-4.750000000e-02 -6.319263465e-02
-4.500000000e-02 -6.500000000e-02
-4.500000000e-02 -6.500000000e-02
-4.250000000e-02 -6.665836202e-02
-4.114147852e-02 -6.750000000e-02
-4.000000000e-02 -6.818865048e-02
-3.750000000e-02 -6.959559909e-02
-3.672801367e-02 -7.000000000e-02
-3.500000000e-02 -7.088531839e-02
-3.250000000e-02 -7.206654108e-02
-3.150374842e-02 -7.250000000e-02
-3.000000000e-02 -7.314260154e-02
-2.750000000e-02 -7.411861076e-02
-2.500000000e-02 -7.500000000e-02
-2.500000000e-02 -7.500000000e-02
-2.250000000e-02 -7.578688029e-02
-2.000000000e-02 -7.648462252e-02
-1.750000000e-02 -7.709537143e-02
-1.557836622e-02 -7.750000000e-02
-1.500000000e-02 -7.762084181e-02

-1.000000000e-02 -3.822980269e-02
-7.500000000e-03 -3.879516086e-02
-5.000000000e-03 -3.919777836e-02
-2.500000000e-03 -3.943886616e-02
 0.000000000e+00 -3.951914843e-02
 2.500000000e-03 -3.943886616e-02
 5.000000000e-03 -3.919777836e-02
 7.500000000e-03 -3.879516086e-02
 1.000000000e-02 -3.822980269e-02
 1.250000000e-02 -3.750000000e-02
 1.250000000e-02 -3.750000000e-02
 1.500000000e-02 -3.655598887e-02
 1.750000000e-02 -3.543362478e-02
 1.833541753e-02 -3.500000000e-02
 2.000000000e-02 -3.407800695e-02
 2.250000000e-02 -3.250000000e-02
 2.250000000e-02 -3.250000000e-02
 2.500000000e-02 -3.060285308e-02
 2.571696629e-02 -3.000000000e-02
 2.750000000e-02 -2.837282798e-02
 2.837282798e-02 -2.750000000e-02
 3.000000000e-02 -2.571696629e-02
 3.060285308e-02 -2.500000000e-02
 3.250000000e-02 -2.250000000e-02
 3.250000000e-02 -2.250000000e-02
 3.407800695e-02 -2.000000000e-02
 3.500000000e-02 -1.833541753e-02
 3.543362478e-02 -1.750000000e-02
 3.655598887e-02 -1.500000000e-02
 3.750000000e-02 -1.250000000e-02
 3.750000000e-02 -1.250000000e-02
 3.822980269e-02 -1.000000000e-02
 3.879516086e-02 -7.500000000e-03
 3.919777836e-02 -5.000000000e-03
 3.943886616e-02 -2.500000000e-03
 3.951914843e-02  0.000000000e+00
 3.943886616e-02  2.500000000e-03
 3.919777836e-02  5.000000000e-03
 3.879516086e-02  7.500000000e-03
 3.822980269e-02  1.000000000e-02
 3.750000000e-02  1.250000000e-02
 3.750000000e-02  1.250000000e-02
 3.655598887e-02  1.500000000e-02
 3.543362478e-02  1.750000000e-02
 3.500000000e-02  1.833541753e-02
 3.407800695e-02  2.000000000e-02
 3.250000000e-02  2.250000000e-02
 3.250000000e-02  2.250000000e-02
 3.060285308e-02  2.500000000e-02
 3.000000000e-02  2.571696629e-02
 2.837282798e-02  2.750000000e-02
 2.750000000e-02  2.837282798e-02
 2.571696629e-02  3.000000000e-02
 2.500000000e-02  3.060285308e-02
 2.250000000e-02  3.250000000e-02
 2.250000000e-02  3.250000000e-02
 2.000000000e-02  3.407800695e-02
 1.833541753e-02  3.500000000e-02
 1.750000000e-02  3.543362478e-02
 1.500000000e-02  3.655598887e-02
 1.250000000e-02  3.750000000e-02
 1.250000000e-02  3.750000000e-02
 1.000000000e-02  3.822980269e-02
 7.500000000e-03  3.879516086e-02
 5.000000000e-03  3.919777836e-02
 2.500000000e-03  3.943886616e-02
 0.000000000e+00  3.951914843e-02
-2.500000000e-03  3.943886616e-02
-5.000000000e-03  3.919777836e-02
-7.500000000e-03  3.879516086e-02
-1.000000000e-02  3.822980269e-02
-1.250000000e-02  3.750000000e-02
-1.250000000e-02  3.750000000e-02
-1.500000000e-02  3.655598887e-02
-1.750000000e-02  3.543362478e-02
-1.833541753e-02  3.500000000e-02
-2.000000000e-02  3.407800695e-02
-2.250000000e-02  3.250000000e-02
-2.250000000e-02  3.250000000e-02
-2.500000000e-02  3.060285308e-02
-2.571696629e-02  3.000000000e-02
-2.750000000e-02  2.837282798e-02
-2.837282798e-02  2.750000000e-02
-3.000000000e-02  2.571696629e-02
-3.060285308e-02  2.500000000e-02
-3.250000000e-02  2.250000000e-02
-3.250000000e-02  2.250000000e-02
-3.407800695e-02  2.000000000e-02
-3.500000000e-02  1.833541753e-02
-3.543362478e-02  1.750000000e-02
-3.655598887e-02  1.500000000e-02
-3.750000000e-02  1.250000000e-02
-3.750000000e-02  1.250000000e-02
-3.822980269e-02  1.000000000e-02
-3.879516086e-02  7.500000000e-03
-3.919777836e-02  5.000000000e-03
-3.943886616e-02  2.500000000e-03
-3.951914843e-02  0.000000000e+00
-3.943886616e-02 -2.500000000e-03
-3.919777836e-02 -5.000000000e-03
-3.879516086e-02 -7.500000000e-03
-3.822980269e-02 -1.000000000e-02
-3.750000000e-02 -1.250000000e-02
-3.750000000e-02 -1.250000000e-02
-3.655598887e-02 -1.500000000e-02
-3.543362478e-02 -1.750000000e-02
-3.500000000e-02 -1.833541753e-02
-3.407800695e-02 -2.000000000e-02
-3.250000000e-02 -2.250000000e-02
-3.250000000e-02 -2.250000000e-02
-3.060285308e-02 -2.500000000e-02
-3.000000000e-02 -2.571696629e-02
-2.837282798e-02 -2.750000000e-02
-2.750000000e-02 -2.837282798e-02
-2.571696629e-02 -3.000000000e-02
-2.500000000e-02 -3.060285308e-02
-2.250000000e-02 -3.250000000e-02
-2.250000000e-02 -3.250000000e-02
-2.000000000e-02 -3.407800695e-02
-1.833541753e-02 -3.500000000e-02
-1.750000000e-02 -3.543362478e-02
-1.500000000e-02 -3.655598887e-02
-1.250000000e-02 -3.750000000e-02
-1.250000000e-02 -3.750000000e-02
-1.000000000e-02 -3.822980269e-02

 0.000000000e+00 -7.857678787e-03
 2.499999944e-03 -7.500000000e-03
 2.500000000e-03 -7.499999989e-03
 5.000000000e-03 -6.000750052e-03
 6.000750052e-03 -5.000000000e-03
 7.499999989e-03 -2.500000000e-03
 7.500000000e-03 -2.499999944e-03
 7.857678787e-03  0.000000000e+00
 7.500000000e-03  2.499999944e-03
 7.499999989e-03  2.500000000e-03
 6.000750052e-03  5.000000000e-03
 5.000000000e-03  6.000750052e-03
 2.500000000e-03  7.499999989e-03
 2.499999944e-03  7.500000000e-03
 0.000000000e+00  7.857678787e-03
-2.499999944e-03  7.500000000e-03
-2.500000000e-03  7.499999989e-03
-5.000000000e-03  6.000750052e-03
-6.000750052e-03  5.000000000e-03
-7.499999989e-03  2.500000000e-03
-7.500000000e-03  2.499999944e-03
-7.857678787e-03  0.000000000e+00
-7.500000000e-03 -2.499999944e-03
-7.499999989e-03 -2.500000000e-03
-6.000750052e-03 -5.000000000e-03
-5.000000000e-03 -6.000750052e-03
-2.500000000e-03 -7.499999989e-03
-2.499999944e-03 -7.500000000e-03
 0.000000000e+00 -7.857678787e-03


-2.374057037e-01  4.158296169e-01
-2.349057037e-01  4.152487855e-01
-2.324057037e-01  4.148187582e-01
-2.299057037e-01  4.145629407e-01
-2.274057037e-01  4.145126955e-01
-2.249057037e-01  4.147100343e-01
-2.224057037e-01  4.152115203e-01
-2.199057037e-01  4.160940529e-01
-2.194657405e-01  4.163165965e-01
-2.174057037e-01  4.175772736e-01
-2.161760695e-01  4.186181656e-01
-2.149057037e-01  4.199957998e-01
-2.142333728e-01  4.209197347e-01
-2.129825411e-01  4.232213039e-01
-2.124057037e-01  4.247533379e-01
-2.121596683e-01  4.255228730e-01
-2.116680627e-01  4.278244422e-01
-2.114056346e-01  4.301260113e-01
-2.113310124e-01  4.324275804e-01
-2.114118799e-01  4.347291496e-01
-2.116227575e-01  4.370307187e-01
-2.119433935e-01  4.393322879e-01
-2.123575783e-01  4.416338570e-01
-2.124057037e-01  4.418502506e-01
-2.128642432e-01  4.439354261e-01
-2.134393025e-01  4.462369953e-01
-2.140719859e-01  4.485385644e-01
-2.147548268e-01  4.508401336e-01
-2.149057037e-01  4.513072321e-01
-2.154907878e-01  4.531417027e-01
-2.162635582e-01  4.554432718e-01
-2.170660727e-01  4.577448410e-01
-2.174057037e-01  4.586751776e-01
-2.178998637e-01  4.600464101e-01
-2.187561220e-01  4.623479792e-01
-2.196281221e-01  4.646495484e-01
-2.199057037e-01  4.653617586e-01
-2.205171438e-01  4.669511175e-01
-2.214152532e-01  4.692526867e-01
-2.223191931e-01  4.715542558e-01
-2.224057037e-01  4.717706221e-01
-2.232286696e-01  4.738558249e-01
-2.241373377e-01  4.761573941e-01
-2.249057037e-01  4.781031342e-01
-2.250445146e-01  4.784589632e-01
-2.259468285e-01  4.807605324e-01
-2.268421263e-01  4.830621015e-01
-2.274057037e-01  4.845177782e-01
-2.277292874e-01  4.853636706e-01
-2.286043729e-01  4.876652398e-01
-2.294679308e-01  4.899668089e-01
-2.299057037e-01  4.911458225e-01
-2.303176664e-01  4.922683781e-01
-2.311506683e-01  4.945699472e-01
-2.319686842e-01  4.968715163e-01
-2.324057037e-01  4.981216847e-01
-2.327691426e-01  4.991730855e-01
-2.335494036e-01  5.014746546e-01
-2.343121599e-01  5.037762237e-01
-2.349057037e-01  5.056079187e-01
-2.350563731e-01  5.060777929e-01
-2.357771032e-01  5.083793620e-01
-2.364787453e-01  5.106809312e-01
-2.371616814e-01  5.129825003e-01
-2.374057037e-01  5.138277547e-01
-2.378219197e-01  5.152840694e-01
-2.384603048e-01  5.175856386e-01
-2.390795441e-01  5.198872077e-01
-2.396801719e-01  5.221887769e-01
-2.399057037e-01  5.230808005e-01
-2.402588516e-01  5.244903460e-01
-2.408167773e-01  5.267919151e-01
-2.413569053e-01  5.290934843e-01
-2.418800204e-01  5.313950534e-01
-2.423869330e-01  5.336966226e-01
-2.424057037e-01  5.337847906e-01
-2.428732992e-01  5.359981917e-01
-2.433445248e-01  5.382997608e-01
-2.438018849e-01  5.406013300e-01
-2.442465069e-01  5.429028991e-01
-2.446795695e-01  5.452044682e-01
-2.449057037e-01  5.464382028e-01
-2.451004309e-01  5.475060374e-01
-2.455099664e-01  5.498076065e-01
-2.459116757e-01  5.521091757e-01
-2.463070538e-01  5.544107448e-01
-2.466976556e-01  5.567123139e-01
-2.470850977e-01  5.590138831e-01
-2.474057037e-01  5.609276475e-01
-2.474706092e-01  5.613154522e-01
-2.478541281e-01  5.636170214e-01
-2.482396859e-01  5.659185905e-01
-2.486292040e-01  5.682201596e-01
-2.490246705e-01  5.705217288e-01
-2.494281436e-01  5.728232979e-01
-2.498417544e-01  5.751248671e-01
-2.499057037e-01  5.754728409e-01
-2.502667354e-01  5.774264362e-01
-2.507062449e-01  5.797280053e-01
-2.511628690e-01  5.820295745e-01
-2.516391031e-01  5.843311436e-01
-2.521375366e-01  5.866327127e-01
-2.524057037e-01  5.878181317e-01
-2.526614862e-01  5.889342819e-01
-2.532140348e-01  5.912358510e-01
-2.537975502e-01  5.935374202e-01
-2.544151289e-01  5.958389893e-01
-2.549057037e-01  5.975685834e-01
-2.550713127e-01  5.981405584e-01
-2.557726428e-01  6.004421276e-01
-2.565189702e-01  6.027436967e-01
-2.573141017e-01  6.050452659e-01
-2.574057037e-01  6.052972903e-01
-2.581725704e-01  6.073468350e-01
-2.590906226e-01  6.096484041e-01
-2.599057037e-01  6.115661573e-01
-2.600748489e-01  6.119499733e-01
-2.611445668e-01  6.142515424e-01
-2.622892363e-01  6.165531116e-01
-2.624057037e-01  6.167756785e-01
-2.635435127e-01  6.188546807e-01
-2.648903044e-01  6.211562498e-01
-2.649057037e-01  6.211813208e-01
-2.663801254e-01  6.234578190e-01
-2.674057037e-01  6.249467234e-01
-2.680005509e-01  6.257593881e-01
-2.697821567e-01  6.280609572e-01
-2.699057037e-01  6.282130516e-01
-2.717786423e-01  6.303625264e-01
-2.724057037e-01  6.310458935e-01
-2.740132416e-01  6.326640955e-01
-2.749057037e-01  6.335207172e-01
-2.765522038e-01  6.349656647e-01
-2.774057037e-01  6.356828041e-01
-2.794920017e-01  6.372672338e-01
-2.799057037e-01  6.375692701e-01
-2.824057037e-01  6.392045150e-01
-2.830369942e-01  6.395688029e-01
-2.849057037e-01  6.406121236e-01
-2.874057037e-01  6.418171981e-01
-2.875348322e-01  6.418703721e-01
-2.899057037e-01  6.428208971e-01
-2.924057037e-01  6.436462495e-01
-2.944126228e-01  6.441719412e-01
-2.949057037e-01  6.442984514e-01
-2.974057037e-01  6.447795485e-01
-2.999057037e-01  6.450997171e-01
-3.024057037e-01  6.452614656e-01
-3.049057037e-01  6.452662335e-01
-3.074057037e-01  6.451143965e-01
-3.099057037e-01  6.448052662e-01
-3.124057037e-01  6.443370845e-01
-3.130653962e-01  6.441719412e-01
-3.149057037e-01  6.437008952e-01
-3.174057037e-01  6.428941735e-01
-3.199057037e-01  6.419136759e-01
-3.200003962e-01  6.418703721e-01
-3.224057037e-01  6.407354746e-01
-3.245387197e-01  6.395688029e-01
-3.249057037e-01  6.393607939e-01
-3.274057037e-01  6.377593524e-01
-3.280930380e-01  6.372672338e-01
-3.299057037e-01  6.359122812e-01
-3.310506128e-01  6.349656647e-01
-3.324057037e-01  6.337900484e-01
-3.335925583e-01  6.326640955e-01
-3.349057037e-01  6.313498722e-01
-3.358170442e-01  6.303625264e-01
-3.374057037e-01  6.285362386e-01
-3.377911191e-01  6.280609572e-01
-3.395483783e-01  6.257593881e-01
-3.399057037e-01  6.252608479e-01
-3.411215793e-01  6.234578190e-01
-3.424057037e-01  6.214031521e-01
-3.425520046e-01  6.211562498e-01
-3.438310706e-01  6.188546807e-01
-3.449057037e-01  6.167473200e-01
-3.450003671e-01  6.165531116e-01
-3.460468651e-01  6.142515424e-01
-3.470002088e-01  6.119499733e-01
-3.474057037e-01  6.108829639e-01
-3.478581310e-01  6.096484041e-01
-3.486279205e-01  6.073468350e-01
-3.493201982e-01  6.050452659e-01
-3.499057037e-01  6.028687802e-01
-3.499384346e-01  6.027436967e-01
-3.504819477e-01  6.004421276e-01
-3.509595811e-01  5.981405584e-01
-3.513742127e-01  5.958389893e-01
-3.517284958e-01  5.935374202e-01
-3.520248734e-01  5.912358510e-01
-3.522655932e-01  5.889342819e-01
-3.524057037e-01  5.872169395e-01
-3.524526977e-01  5.866327127e-01
-3.525881846e-01  5.843311436e-01
-3.526738505e-01  5.820295745e-01
-3.527111790e-01  5.797280053e-01
-3.527015054e-01  5.774264362e-01
-3.526460237e-01  5.751248671e-01
-3.525457907e-01  5.728232979e-01
-3.524057037e-01  5.705857307e-01
-3.524017496e-01  5.705217288e-01
-3.522157209e-01  5.682201596e-01
-3.519879348e-01  5.659185905e-01
-3.517190569e-01  5.636170214e-01
-3.514096312e-01  5.613154522e-01
-3.510600795e-01  5.590138831e-01
-3.506706995e-01  5.567123139e-01
-3.502416627e-01  5.544107448e-01
-3.499057037e-01  5.527624472e-01
-3.497740747e-01  5.521091757e-01
-3.492705009e-01  5.498076065e-01
-3.487285545e-01  5.475060374e-01
-3.481480398e-01  5.452044682e-01
-3.475286175e-01  5.429028991e-01
-3.474057037e-01  5.424736378e-01
-3.468747929e-01  5.406013300e-01
-3.461840201e-01  5.382997608e-01
-3.454546985e-01  5.359981917e-01
-3.449057037e-01  5.343538327e-01
-3.446879477e-01  5.336966226e-01
-3.438874510e-01  5.313950534e-01
-3.430483073e-01  5.290934843e-01
-3.424057037e-01  5.274095451e-01
-3.421713531e-01  5.267919151e-01
-3.412607350e-01  5.244903460e-01
-3.403108425e-01  5.221887769e-01
-3.399057037e-01  5.212452288e-01
-3.393249498e-01  5.198872077e-01
-3.383028726e-01  5.175856386e-01
-3.374057037e-01  5.156410272e-01
-3.372413400e-01  5.152840694e-01
-3.361457711e-01  5.129825003e-01
-3.350097937e-01  5.106809312e-01
-3.349057037e-01  5.104764702e-01
-3.338388175e-01  5.083793620e-01
-3.326280225e-01  5.060777929e-01
-3.324057037e-01  5.056672840e-01
-3.313804500e-01  5.037762237e-01
-3.300932963e-01  5.014746546e-01
-3.299057037e-01  5.011480044e-01
-3.287684012e-01  4.991730855e-01
-3.274057037e-01  4.968755742e-01
-3.274032846e-01  4.968715163e-01
-3.259998095e-01  4.945699472e-01
-3.249057037e-01  4.928238037e-01
-3.245553870e-01  4.922683781e-01
-3.230713005e-01  4.899668089e-01
-3.224057037e-01  4.889584164e-01
-3.215453442e-01  4.876652398e-01
-3.199790330e-01  4.853636706e-01
-3.199057037e-01  4.852579212e-01
-3.183690500e-01  4.830621015e-01
-3.174057037e-01  4.817140575e-01
-3.167165769e-01  4.807605324e-01
-3.150220062e-01  4.784589632e-01
-3.149057037e-01  4.783035178e-01
-3.132801032e-01  4.761573941e-01
-3.124057037e-01  4.750226964e-01
-3.114935593e-01  4.738558249e-01
-3.099057037e-01  4.718556397e-01
-3.096625246e-01  4.715542558e-01
-3.077820750e-01  4.692526867e-01
-3.074057037e-01  4.687979470e-01
-3.058508277e-01  4.669511175e-01
-3.049057037e-01  4.658419571e-01
-3.038702192e-01  4.646495484e-01
-3.024057037e-01  4.629805394e-01
-3.018389927e-01  4.623479792e-01
-2.999057037e-01  4.602089754e-01
-2.997554137e-01  4.600464101e-01
-2.976128338e-01  4.577448410e-01
-2.974057037e-01  4.575239124e-01
-2.954093816e-01  4.554432718e-01
-2.949057037e-01  4.549213725e-01
-2.931449402e-01  4.531417027e-01
-2.924057037e-01  4.523977926e-01
-2.908161367e-01  4.508401336e-01
-2.899057037e-01  4.499506167e-01
-2.884189737e-01  4.485385644e-01
-2.874057037e-01  4.475777202e-01
-2.859487663e-01  4.462369953e-01
-2.849057037e-01  4.452773792e-01
-2.834000674e-01  4.439354261e-01
-2.824057037e-01  4.430482441e-01
-2.807665754e-01  4.416338570e-01
-2.799057037e-01  4.408893156e-01
-2.780410243e-01  4.393322879e-01
-2.774057037e-01  4.387999244e-01
-2.752150487e-01  4.370307187e-01
-2.749057037e-01  4.367797140e-01
-2.724057037e-01  4.348290739e-01
-2.722719263e-01  4.347291496e-01
-2.699057037e-01  4.329492712e-01
-2.691808185e-01  4.324275804e-01
-2.674057037e-01  4.311397048e-01
-2.659425296e-01  4.301260113e-01
-2.649057037e-01  4.294011391e-01
-2.625392114e-01  4.278244422e-01
-2.624057037e-01  4.277345917e-01
-2.599057037e-01  4.261464826e-01
-2.588672866e-01  4.255228730e-01
-2.574057037e-01  4.246345818e-01
-2.549426113e-01  4.232213039e-01
-2.549057037e-01  4.231998540e-01
-2.524057037e-01  4.218555352e-01
-2.505447898e-01  4.209197347e-01
-2.499057037e-01  4.205936984e-01
-2.474057037e-01  4.194294156e-01
-2.455041963e-01  4.186181656e-01
-2.449057037e-01  4.183587768e-01
-2.424057037e-01  4.174010135e-01
-2.399057037e-01  4.165496952e-01
-2.390869843e-01  4.163165965e-01
-2.374057037e-01  4.158296169e-01

-2.724057037e-01  4.753215547e-01
-2.699057037e-01  4.748070067e-01
-2.674057037e-01  4.748290728e-01
-2.649057037e-01  4.756970302e-01
-2.643178999e-01  4.761573941e-01
-2.624057037e-01  4.784326007e-01
-2.623922093e-01  4.784589632e-01
-2.615752803e-01  4.807605324e-01
-2.611183028e-01  4.830621015e-01
-2.609063276e-01  4.853636706e-01
-2.608667214e-01  4.876652398e-01
-2.609514904e-01  4.899668089e-01
-2.611277676e-01  4.922683781e-01
-2.613723792e-01  4.945699472e-01
-2.616685888e-01  4.968715163e-01
-2.620040652e-01  4.991730855e-01
-2.623695697e-01  5.014746546e-01
-2.624057037e-01  5.016809524e-01
-2.627913541e-01  5.037762237e-01
-2.632304849e-01  5.060777929e-01
-2.636792750e-01  5.083793620e-01
-2.641347229e-01  5.106809312e-01
-2.645945694e-01  5.129825003e-01
-2.649057037e-01  5.145164329e-01
-2.650692450e-01  5.152840694e-01
-2.655672843e-01  5.175856386e-01
-2.660617382e-01  5.198872077e-01
-2.665525307e-01  5.221887769e-01
-2.670397664e-01  5.244903460e-01
-2.674057037e-01  5.262228423e-01
-2.675322094e-01  5.267919151e-01
-2.680456690e-01  5.290934843e-01
-2.685533420e-01  5.313950534e-01
-2.690563572e-01  5.336966226e-01
-2.695558936e-01  5.359981917e-01
-2.699057037e-01  5.376117858e-01
-2.700633443e-01  5.382997608e-01
-2.705920805e-01  5.406013300e-01
-2.711187920e-01  5.429028991e-01
-2.716453603e-01  5.452044682e-01
-2.721737061e-01  5.475060374e-01
-2.724057037e-01  5.485065150e-01
-2.727266805e-01  5.498076065e-01
-2.733002600e-01  5.521091757e-01
-2.738803270e-01  5.544107448e-01
-2.744694842e-01  5.567123139e-01
-2.749057037e-01  5.583823538e-01
-2.750828214e-01  5.590138831e-01
-2.757433614e-01  5.613154522e-01
-2.764207167e-01  5.636170214e-01
-2.771182852e-01  5.659185905e-01
-2.774057037e-01  5.668368324e-01
-2.778759039e-01  5.682201596e-01
-2.786856425e-01  5.705217288e-01
-2.795272965e-01  5.728232979e-01
-2.799057037e-01  5.738177055e-01
-2.804533339e-01  5.751248671e-01
-2.814589329e-01  5.774264362e-01
-2.824057037e-01  5.794955451e-01
-2.825247467e-01  5.797280053e-01
-2.837558198e-01  5.820295745e-01
-2.849057037e-01  5.840748789e-01
-2.850702075e-01  5.843311436e-01
-2.866170856e-01  5.866327127e-01
-2.874057037e-01  5.877493688e-01
-2.883856304e-01  5.889342819e-01
-2.899057037e-01  5.906854150e-01
-2.904843726e-01  5.912358510e-01
-2.924057037e-01  5.929809239e-01
-2.931842776e-01  5.935374202e-01
-2.949057037e-01  5.947153039e-01
-2.971571029e-01  5.958389893e-01
-2.974057037e-01  5.959581077e-01
-2.999057037e-01  5.967147280e-01
-3.024057037e-01  5.970282773e-01
-3.049057037e-01  5.968934844e-01
-3.074057037e-01  5.962983435e-01
-3.084839885e-01  5.958389893e-01
-3.099057037e-01  5.951940306e-01
-3.123973223e-01  5.935374202e-01
-3.124057037e-01  5.935314191e-01
-3.148317521e-01  5.912358510e-01
-3.149057037e-01  5.911594838e-01
-3.166382686e-01  5.889342819e-01
-3.174057037e-01  5.878410185e-01
-3.181160047e-01  5.866327127e-01
-3.193258615e-01  5.843311436e-01
-3.199057037e-01  5.830840791e-01
-3.203293342e-01  5.820295745e-01
-3.211406439e-01  5.797280053e-01
-3.218328013e-01  5.774264362e-01
-3.224057037e-01  5.751481945e-01
-3.224109064e-01  5.751248671e-01
-3.228387299e-01  5.728232979e-01
-3.231745381e-01  5.705217288e-01
-3.234226369e-01  5.682201596e-01
-3.235871820e-01  5.659185905e-01
-3.236721793e-01  5.636170214e-01
-3.236814820e-01  5.613154522e-01
-3.236187856e-01  5.590138831e-01
-3.234876200e-01  5.567123139e-01
-3.232913407e-01  5.544107448e-01
-3.230331179e-01  5.521091757e-01
-3.227159256e-01  5.498076065e-01
-3.224057037e-01  5.479015787e-01
-3.223379040e-01  5.475060374e-01
-3.218809688e-01  5.452044682e-01
-3.213716873e-01  5.429028991e-01
-3.208127639e-01  5.406013300e-01
-3.202066115e-01  5.382997608e-01
-3.199057037e-01  5.372472179e-01
-3.195303416e-01  5.359981917e-01
-3.187897978e-01  5.336966226e-01
-3.180095230e-01  5.313950534e-01
-3.174057037e-01  5.297057998e-01
-3.171752657e-01  5.290934843e-01
-3.162609736e-01  5.267919151e-01
-3.153151772e-01  5.244903460e-01
-3.149057037e-01  5.235368944e-01
-3.142957953e-01  5.221887769e-01
-3.132200281e-01  5.198872077e-01
-3.124057037e-01  5.181920576e-01
-3.120978806e-01  5.175856386e-01
-3.108914036e-01  5.152840694e-01
-3.099057037e-01  5.134354517e-01
-3.096498236e-01  5.129825003e-01
-3.083142674e-01  5.106809312e-01
-3.074057037e-01  5.091351427e-01
-3.069340334e-01  5.083793620e-01
-3.054738852e-01  5.060777929e-01
-3.049057037e-01  5.051952772e-01
-3.039339848e-01  5.037762237e-01
-3.024057037e-01  5.015482548e-01
-3.023516693e-01  5.014746546e-01
-3.006354868e-01  4.991730855e-01
-2.999057037e-01  4.981954043e-01
-2.988470403e-01  4.968715163e-01
-2.974057037e-01  4.950637856e-01
-2.969811313e-01  4.945699472e-01
-2.950085726e-01  4.922683781e-01
-2.949057037e-01  4.921490329e-01
-2.928773828e-01  4.899668089e-01
-2.924057037e-01  4.894559679e-01
-2.906107252e-01  4.876652398e-01
-2.899057037e-01  4.869555476e-01
-2.881762091e-01  4.853636706e-01
-2.874057037e-01  4.846464738e-01
-2.855287307e-01  4.830621015e-01
-2.849057037e-01  4.825291297e-01
-2.826044322e-01  4.807605324e-01
-2.824057037e-01  4.806054395e-01
-2.799057037e-01  4.789084091e-01
-2.791279661e-01  4.784589632e-01
-2.774057037e-01  4.774417493e-01
-2.749057037e-01  4.762071337e-01
-2.747614041e-01  4.761573941e-01
-2.724057037e-01  4.753215547e-01

-2.924057037e-01  5.261668098e-01
-2.907925924e-01  5.267919151e-01
-2.899057037e-01  5.276487230e-01
-2.895880975e-01  5.290934843e-01
-2.894459624e-01  5.313950534e-01
-2.895453158e-01  5.336966226e-01
-2.898038447e-01  5.359981917e-01
-2.899057037e-01  5.365891763e-01
-2.903376255e-01  5.382997608e-01
-2.910162543e-01  5.406013300e-01
-2.917514003e-01  5.429028991e-01
-2.924057037e-01  5.447954241e-01
-2.926349557e-01  5.452044682e-01
-2.940025636e-01  5.475060374e-01
-2.949057037e-01  5.490280926e-01
-2.959386638e-01  5.498076065e-01
-2.974057037e-01  5.509225276e-01
-2.999057037e-01  5.500060275e-01
-3.000068748e-01  5.498076065e-01
-3.007086007e-01  5.475060374e-01
-3.009636681e-01  5.452044682e-01
-3.009033702e-01  5.429028991e-01
-3.006170962e-01  5.406013300e-01
-3.001669345e-01  5.382997608e-01
-2.999057037e-01  5.373013534e-01
-2.994065987e-01  5.359981917e-01
-2.984234909e-01  5.336966226e-01
-2.974258009e-01  5.313950534e-01
-2.974057037e-01  5.313540617e-01
-2.957191977e-01  5.290934843e-01
-2.949057037e-01  5.279306126e-01
-2.932431917e-01  5.267919151e-01
-2.924057037e-01  5.261668098e-01


 1.681747752e-01  2.533215901e-01
 1.706747752e-01  2.527237200e-01
 1.731747752e-01  2.523894806e-01
 1.756747752e-01  2.523589686e-01
 1.781747752e-01  2.526835982e-01
 1.803899252e-01  2.533391995e-01
 1.806747752e-01  2.534330250e-01
 1.831747752e-01  2.547469186e-01
 1.845322036e-01  2.557812549e-01
 1.856747752e-01  2.567896644e-01
 1.869187026e-01  2.582233102e-01
 1.881747752e-01  2.599572576e-01
 1.885943592e-01  2.606653656e-01
 1.898076858e-01  2.631074210e-01
 1.906747752e-01  2.653064333e-01
 1.907577352e-01  2.655494764e-01
 1.914440278e-01  2.679915318e-01
 1.919692411e-01  2.704335871e-01
 1.923549627e-01  2.728756425e-01
 1.926193943e-01  2.753176979e-01
 1.927778907e-01  2.777597533e-01
 1.928434069e-01  2.802018086e-01
 1.928268708e-01  2.826438640e-01
 1.927374944e-01  2.850859194e-01
 1.925830336e-01  2.875279748e-01
 1.923700062e-01  2.899700301e-01
 1.921038743e-01  2.924120855e-01
 1.917891982e-01  2.948541409e-01
 1.914297643e-01  2.972961963e-01
 1.910286929e-01  2.997382517e-01
 1.906747752e-01  3.016982688e-01
 1.905870891e-01  3.021803070e-01
 1.901033378e-01  3.046223624e-01
 1.895859147e-01  3.070644178e-01
 1.890359846e-01  3.095064732e-01
 1.884543218e-01  3.119485285e-01
 1.881747752e-01  3.130607040e-01
 1.878380713e-01  3.143905839e-01
 1.871893542e-01  3.168326393e-01
 1.865110950e-01  3.192746947e-01
 1.858025942e-01  3.217167500e-01
 1.856747752e-01  3.221390799e-01
 1.850588206e-01  3.241588054e-01
 1.842833980e-01  3.266008608e-01
 1.834755369e-01  3.290429162e-01
 1.831747752e-01  3.299162874e-01
 1.826301016e-01  3.314849716e-01
 1.817474284e-01  3.339270269e-01
 1.808265408e-01  3.363690823e-01
 1.806747752e-01  3.367554619e-01
 1.798602147e-01  3.388111377e-01
 1.788494204e-01  3.412531931e-01
 1.781747752e-01  3.428119041e-01
 1.777887481e-01  3.436952484e-01
 1.766731202e-01  3.461373038e-01
 1.756747752e-01  3.482195440e-01
 1.755004362e-01  3.485793592e-01
 1.742613451e-01  3.510214146e-01
 1.731747752e-01  3.530561005e-01
 1.729547076e-01  3.534634699e-01
 1.715695990e-01  3.559055253e-01
 1.706747752e-01  3.574023808e-01
 1.701024763e-01  3.583475807e-01
 1.685446137e-01  3.607896361e-01
 1.681747752e-01  3.613400572e-01
 1.668854671e-01  3.632316915e-01
 1.656747752e-01  3.649139996e-01
 1.651193498e-01  3.656737468e-01
 1.632352203e-01  3.681158022e-01
 1.631747752e-01  3.681902282e-01
 1.612173952e-01  3.705578576e-01
 1.606747752e-01  3.711802631e-01
 1.590571238e-01  3.729999130e-01
 1.581747752e-01  3.739420485e-01
 1.567397345e-01  3.754419683e-01
 1.556747752e-01  3.764998957e-01
 1.542486277e-01  3.778840237e-01
 1.531747752e-01  3.788761043e-01
 1.515650254e-01  3.803260791e-01
 1.506747752e-01  3.810907964e-01
 1.486676835e-01  3.827681345e-01
 1.481747752e-01  3.831617994e-01
 1.456747752e-01  3.851012122e-01
 1.455302288e-01  3.852101898e-01
 1.431747752e-01  3.869112869e-01
 1.421141163e-01  3.876522452e-01
 1.406747752e-01  3.886180186e-01
 1.383946860e-01  3.900943006e-01
 1.381747752e-01  3.902314637e-01
 1.356747752e-01  3.917409765e-01
 1.343058702e-01  3.925363560e-01
 1.331747752e-01  3.931715024e-01
 1.306747752e-01  3.945221933e-01
 1.297970720e-01  3.949784114e-01
 1.281747752e-01  3.957962370e-01
 1.256747752e-01  3.970038539e-01
 1.247760435e-01  3.974204667e-01
 1.231747752e-01  3.981431177e-01
 1.206747752e-01  3.992218247e-01
 1.191202300e-01  3.998625221e-01
 1.181747752e-01  4.002434308e-01
 1.156747752e-01  4.012058579e-01
 1.131747752e-01  4.021203289e-01
 1.126464565e-01  4.023045775e-01
 1.106747752e-01  4.029798236e-01
 1.081747752e-01  4.037919404e-01
 1.056747752e-01  4.045602887e-01
 1.050347070e-01  4.047466329e-01
 1.031747752e-01  4.052809764e-01
 1.006747752e-01  4.059584257e-01
 9.817477519e-02  4.065954063e-01
 9.569227303e-02  4.071886882e-01
 9.567477519e-02  4.071928359e-01
 9.317477519e-02  4.077479145e-01
 9.067477519e-02  4.082649639e-01
 8.817477519e-02  4.087446467e-01
 8.567477519e-02  4.091875124e-01
 8.317477519e-02  4.095939995e-01
 8.292630408e-02  4.096307436e-01
 8.067477519e-02  4.099632116e-01
 7.817477519e-02  4.102964633e-01
 7.567477519e-02  4.105940303e-01
 7.317477519e-02  4.108559466e-01
 7.067477519e-02  4.110821304e-01
 6.817477519e-02  4.112723820e-01
 6.567477519e-02  4.114263802e-01
 6.317477519e-02  4.115436794e-01
 6.067477519e-02  4.116237043e-01
 5.817477519e-02  4.116657451e-01
 5.567477519e-02  4.116689510e-01
 5.317477519e-02  4.116323234e-01
 5.067477519e-02  4.115547082e-01
 4.817477519e-02  4.114347874e-01
 4.567477519e-02  4.112710691e-01
 4.317477519e-02  4.110618778e-01
 4.067477519e-02  4.108053425e-01
 3.817477519e-02  4.104993845e-01
 3.567477519e-02  4.101417041e-01
 3.317477519e-02  4.097297655e-01
 3.264000803e-02  4.096307436e-01
 3.067477519e-02  4.092585617e-01
 2.817477519e-02  4.087261912e-01
 2.567477519e-02  4.081298333e-01
 2.317477519e-02  4.074657666e-01
 2.222179146e-02  4.071886882e-01
 2.067477519e-02  4.067253214e-01
 1.817477519e-02  4.059049374e-01
 1.567477519e-02  4.050024118e-01
 1.501815043e-02  4.047466329e-01
 1.317477519e-02  4.040018784e-01
 1.067477519e-02  4.029026255e-01
 9.414698860e-03  4.023045775e-01
 8.174775194e-03  4.016903617e-01
 5.674775194e-03  4.003555360e-01
 4.812579130e-03  3.998625221e-01
 3.174775194e-03  3.988782669e-01
 9.205639209e-04  3.974204667e-01
 6.747751935e-04  3.972523294e-01
-1.825224806e-03  3.954367111e-01
-2.418740140e-03  3.949784114e-01
-4.325224806e-03  3.934077598e-01
-5.323021373e-03  3.925363560e-01
-6.825224806e-03  3.911249372e-01
-7.865550361e-03  3.900943006e-01
-9.325224806e-03  3.885235341e-01
-1.009701953e-02  3.876522452e-01
-1.182522481e-02  3.855091257e-01
-1.205613219e-02  3.852101898e-01
-1.376471687e-02  3.827681345e-01
-1.432522481e-02  3.818665778e-01
-1.524927486e-02  3.803260791e-01
-1.652715849e-02  3.778840237e-01
-1.682522481e-02  3.772221926e-01
-1.760430124e-02  3.754419683e-01
-1.849349208e-02  3.729999130e-01
-1.920120545e-02  3.705578576e-01
-1.932522481e-02  3.699887636e-01
-1.972576442e-02  3.681158022e-01
-2.007107332e-02  3.656737468e-01
-2.023634417e-02  3.632316915e-01
-2.021796132e-02  3.607896361e-01
-2.001035864e-02  3.583475807e-01
-1.960580420e-02  3.559055253e-01
-1.932522481e-02  3.547813570e-01
-1.899162544e-02  3.534634699e-01
-1.815357848e-02  3.510214146e-01
-1.707739687e-02  3.485793592e-01
-1.682522481e-02  3.481115095e-01
-1.573282053e-02  3.461373038e-01
-1.432522481e-02  3.440262332e-01
-1.409740993e-02  3.436952484e-01
-1.212618593e-02  3.412531931e-01
-1.182522481e-02  3.409295972e-01
-9.770767143e-03  3.388111377e-01
-9.325224806e-03  3.384070356e-01
-6.968154450e-03  3.363690823e-01
-6.825224806e-03  3.362588077e-01
-4.325224806e-03  3.344166600e-01
-3.624430915e-03  3.339270269e-01
-1.825224806e-03  3.327893959e-01
 3.667793194e-04  3.314849716e-01
 6.747751935e-04  3.313170931e-01
 3.174775194e-03  3.300162293e-01
 5.166728597e-03  3.290429162e-01
 5.674775194e-03  3.288127008e-01
 8.174775194e-03  3.277305510e-01
 1.067477519e-02  3.267138964e-01
 1.096428584e-02  3.266008608e-01
 1.317477519e-02  3.257900768e-01
 1.567477519e-02  3.249206337e-01
 1.797785057e-02  3.241588054e-01
 1.817477519e-02  3.240969185e-01
 2.067477519e-02  3.233348277e-01
 2.317477519e-02  3.226046342e-01
 2.567477519e-02  3.219013804e-01
 2.634601224e-02  3.217167500e-01
 2.817477519e-02  3.212328104e-01
 3.067477519e-02  3.205867207e-01
 3.317477519e-02  3.199544267e-01
 3.567477519e-02  3.193319509e-01
 3.590520904e-02  3.192746947e-01
 3.817477519e-02  3.187259417e-01
 4.067477519e-02  3.181240921e-01
 4.317477519e-02  3.175219100e-01
 4.567477519e-02  3.169160028e-01
 4.601373475e-02  3.168326393e-01
 4.817477519e-02  3.163102380e-01
 5.067477519e-02  3.156965989e-01
 5.317477519e-02  3.150709382e-01
 5.567477519e-02  3.144301441e-01
 5.582501116e-02  3.143905839e-01
 5.817477519e-02  3.137772107e-01
 6.067477519e-02  3.131052716e-01
 6.317477519e-02  3.124109847e-01
 6.478368025e-02  3.119485285e-01
 6.567477519e-02  3.116928049e-01
 6.817477519e-02  3.109506875e-01
 7.067477519e-02  3.101795620e-01
 7.277205264e-02  3.095064732e-01
 7.317477519e-02  3.093766449e-01
 7.567477519e-02  3.085424454e-01
 7.817477519e-02  3.076728775e-01
 7.985545208e-02  3.070644178e-01
 8.067477519e-02  3.067649411e-01
 8.317477519e-02  3.058184453e-01
 8.567477519e-02  3.048302256e-01
 8.618340054e-02  3.046223624e-01
 8.817477519e-02  3.037972380e-01
 9.067477519e-02  3.027196975e-01
 9.188275864e-02  3.021803070e-01
 9.317477519e-02  3.015930084e-01
 9.567477519e-02  3.004177433e-01
 9.707157255e-02  2.997382517e-01
 9.817477519e-02  2.991900074e-01
 1.006747752e-01  2.979100770e-01
 1.018388133e-01  2.972961963e-01
 1.031747752e-01  2.965743066e-01
 1.056747752e-01  2.951846197e-01
 1.062567385e-01  2.948541409e-01
 1.081747752e-01  2.937353583e-01
 1.103826310e-01  2.924120855e-01
 1.106747752e-01  2.922317256e-01
 1.131747752e-01  2.906677718e-01
 1.142699244e-01  2.899700301e-01
 1.156747752e-01  2.890465780e-01
 1.179485700e-01  2.875279748e-01
 1.181747752e-01  2.873717935e-01
 1.206747752e-01  2.856389478e-01
 1.214674429e-01  2.850859194e-01
 1.231747752e-01  2.838534805e-01
 1.248446398e-01  2.826438640e-01
 1.256747752e-01  2.820209276e-01
 1.281030084e-01  2.802018086e-01
 1.281747752e-01  2.801460639e-01
 1.306747752e-01  2.782287514e-01
 1.312932787e-01  2.777597533e-01
 1.331747752e-01  2.762807681e-01
 1.344201678e-01  2.753176979e-01
 1.356747752e-01  2.743117206e-01
 1.375061730e-01  2.728756425e-01
 1.381747752e-01  2.723320694e-01
 1.405773820e-01  2.704335871e-01
 1.406747752e-01  2.703538258e-01
 1.431747752e-01  2.683867884e-01
 1.436989347e-01  2.679915318e-01
 1.456747752e-01  2.664489694e-01
 1.468849061e-01  2.655494764e-01
 1.481747752e-01  2.645575973e-01
 1.501720149e-01  2.631074210e-01
 1.506747752e-01  2.627301125e-01
 1.531747752e-01  2.609836707e-01
 1.536706027e-01  2.606653656e-01
 1.556747752e-01  2.593372178e-01
 1.575143583e-01  2.582233102e-01
 1.581747752e-01  2.578109474e-01
 1.606747752e-01  2.564256931e-01
 1.620084072e-01  2.557812549e-01
 1.631747752e-01  2.552007347e-01
 1.656747752e-01  2.541600414e-01
 1.681237176e-01  2.533391995e-01
 1.681747752e-01  2.533215901e-01

 1.256747752e-01  3.165397792e-01
 1.281747752e-01  3.162506706e-01
 1.306747752e-01  3.161499961e-01
 1.331747752e-01  3.163291010e-01
 1.353118445e-01  3.168326393e-01
 1.356747752e-01  3.169520449e-01
 1.381747752e-01  3.185224935e-01
 1.388971345e-01  3.192746947e-01
 1.402935696e-01  3.217167500e-01
 1.406747752e-01  3.230830849e-01
 1.409049368e-01  3.241588054e-01
 1.410632043e-01  3.266008608e-01
 1.409345280e-01  3.290429162e-01
 1.406747752e-01  3.308403750e-01
 1.405800552e-01  3.314849716e-01
 1.400191110e-01  3.339270269e-01
 1.393103793e-01  3.363690823e-01
 1.384740268e-01  3.388111377e-01
 1.381747752e-01  3.395572161e-01
 1.374820848e-01  3.412531931e-01
 1.363658995e-01  3.436952484e-01
 1.356747752e-01  3.450600982e-01
 1.351186306e-01  3.461373038e-01
 1.337327607e-01  3.485793592e-01
 1.331747752e-01  3.494794885e-01
 1.321982393e-01  3.510214146e-01
 1.306747752e-01  3.532476180e-01
 1.305236680e-01  3.534634699e-01
 1.286610088e-01  3.559055253e-01
 1.281747752e-01  3.564958712e-01
 1.266094791e-01  3.583475807e-01
 1.256747752e-01  3.593727987e-01
 1.243461205e-01  3.607896361e-01
 1.231747752e-01  3.619475983e-01
 1.218353086e-01  3.632316915e-01
 1.206747752e-01  3.642636130e-01
 1.190346118e-01  3.656737468e-01
 1.181747752e-01  3.663602099e-01
 1.158930357e-01  3.681158022e-01
 1.156747752e-01  3.682720203e-01
 1.131747752e-01  3.699846136e-01
 1.123007663e-01  3.705578576e-01
 1.106747752e-01  3.715499881e-01
 1.081842886e-01  3.729999130e-01
 1.081747752e-01  3.730050825e-01
 1.056747752e-01  3.742878959e-01
 1.032987879e-01  3.754419683e-01
 1.031747752e-01  3.754983126e-01
 1.006747752e-01  3.765605280e-01
 9.817477519e-02  3.775539473e-01
 9.727801915e-02  3.778840237e-01
 9.567477519e-02  3.784371295e-01
 9.317477519e-02  3.792298549e-01
 9.067477519e-02  3.799536634e-01
 8.924757837e-02  3.803260791e-01
 8.817477519e-02  3.805894287e-01
 8.567477519e-02  3.811338082e-01
 8.317477519e-02  3.816098084e-01
 8.067477519e-02  3.820165202e-01
 7.817477519e-02  3.823528863e-01
 7.567477519e-02  3.826176993e-01
 7.371165764e-02  3.827681345e-01
 7.317477519e-02  3.828069886e-01
 7.067477519e-02  3.829169303e-01
 6.817477519e-02  3.829554650e-01
 6.567477519e-02  3.829210172e-01
 6.317477519e-02  3.828118194e-01
 6.258305393e-02  3.827681345e-01
 6.067477519e-02  3.826157440e-01
 5.817477519e-02  3.823316824e-01
 5.567477519e-02  3.819599361e-01
 5.317477519e-02  3.814974385e-01
 5.067477519e-02  3.809408090e-01
 4.832477276e-02  3.803260791e-01
 4.817477519e-02  3.802827888e-01
 4.567477519e-02  3.794584601e-01
 4.317477519e-02  3.785166976e-01
 4.167978507e-02  3.778840237e-01
 4.067477519e-02  3.774042670e-01
 3.817477519e-02  3.760767705e-01
 3.709233687e-02  3.754419683e-01
 3.567477519e-02  3.744781184e-01
 3.369602514e-02  3.729999130e-01
 3.317477519e-02  3.725320844e-01
 3.115212423e-02  3.705578576e-01
 3.067477519e-02  3.699677121e-01
 2.928467130e-02  3.681158022e-01
 2.817477519e-02  3.660716915e-01
 2.797256078e-02  3.656737468e-01
 2.719890658e-02  3.632316915e-01
 2.690733755e-02  3.607896361e-01
 2.709991259e-02  3.583475807e-01
 2.778280788e-02  3.559055253e-01
 2.817477519e-02  3.550988888e-01
 2.899977342e-02  3.534634699e-01
 3.067477519e-02  3.511471752e-01
 3.076927966e-02  3.510214146e-01
 3.317477519e-02  3.485795786e-01
 3.317499983e-02  3.485793592e-01
 3.567477519e-02  3.466115328e-01
 3.629987362e-02  3.461373038e-01
 3.817477519e-02  3.449470341e-01
 4.021505672e-02  3.436952484e-01
 4.067477519e-02  3.434524837e-01
 4.317477519e-02  3.421759307e-01
 4.503262028e-02  3.412531931e-01
 4.567477519e-02  3.409723943e-01
 4.817477519e-02  3.399095936e-01
 5.067477519e-02  3.388660603e-01
 5.080963222e-02  3.388111377e-01
 5.317477519e-02  3.379466128e-01
 5.567477519e-02  3.370429865e-01
 5.755553920e-02  3.363690823e-01
 5.817477519e-02  3.361667275e-01
 6.067477519e-02  3.353607185e-01
 6.317477519e-02  3.345527184e-01
 6.510453447e-02  3.339270269e-01
 6.567477519e-02  3.337559937e-01
 6.817477519e-02  3.330105484e-01
 7.067477519e-02  3.322545318e-01
 7.317124914e-02  3.314849716e-01
 7.317477519e-02  3.314839536e-01
 7.567477519e-02  3.307665933e-01
 7.817477519e-02  3.300324303e-01
 8.067477519e-02  3.292778131e-01
 8.144852952e-02  3.290429162e-01
 8.317477519e-02  3.285466797e-01
 8.567477519e-02  3.278146039e-01
 8.817477519e-02  3.270585005e-01
 8.966225541e-02  3.266008608e-01
 9.067477519e-02  3.263030629e-01
 9.317477519e-02  3.255629961e-01
 9.567477519e-02  3.247981829e-01
 9.771362309e-02  3.241588054e-01
 9.817477519e-02  3.240193785e-01
 1.006747752e-01  3.232728351e-01
 1.031747752e-01  3.225054138e-01
 1.056747752e-01  3.217168054e-01
 1.056749582e-01  3.217167500e-01
 1.081747752e-01  3.209825809e-01
 1.106747752e-01  3.202398308e-01
 1.131747752e-01  3.194927946e-01
 1.139496251e-01  3.192746947e-01
 1.156747752e-01  3.187996918e-01
 1.181747752e-01  3.181475807e-01
 1.206747752e-01  3.175312003e-01
 1.231747752e-01  3.169720195e-01
 1.239722860e-01  3.168326393e-01
 1.256747752e-01  3.165397792e-01

 8.317477519e-02  3.485017019e-01
 8.567477519e-02  3.482628799e-01
 8.817477519e-02  3.482691473e-01
 9.024089865e-02  3.485793592e-01
 9.067477519e-02  3.487483617e-01
 9.277140227e-02  3.510214146e-01
 9.199146577e-02  3.534634699e-01
 9.067477519e-02  3.548689799e-01
 8.965583209e-02  3.559055253e-01
 8.817477519e-02  3.568223836e-01
 8.567477519e-02  3.582445456e-01
 8.545458439e-02  3.583475807e-01
 8.317477519e-02  3.590712866e-01
 8.067477519e-02  3.596604356e-01
 7.817477519e-02  3.599937908e-01
 7.567477519e-02  3.599938548e-01
 7.317477519e-02  3.595533476e-01
 7.067477519e-02  3.585216363e-01
 7.041123763e-02  3.583475807e-01
 6.961381171e-02  3.559055253e-01
 7.067477519e-02  3.542133088e-01
 7.117719208e-02  3.534634699e-01
 7.317477519e-02  3.521578141e-01
 7.498353754e-02  3.510214146e-01
 7.567477519e-02  3.507414757e-01
 7.817477519e-02  3.498691700e-01
 8.067477519e-02  3.490926805e-01
 8.273637837e-02  3.485793592e-01
 8.317477519e-02  3.485017019e-01


 6.495391724e-02 -1.033744445e-01
 6.745391724e-02 -1.036296135e-01
 6.995391724e-02 -1.036473104e-01
 7.245391724e-02 -1.034284185e-01
 7.443438544e-02 -1.030676021e-01
 7.495391724e-02 -1.029719876e-01
 7.745391724e-02 -1.022715524e-01
 7.995391724e-02 -1.013261641e-01
 8.157894472e-02 -1.005515987e-01
 8.245391724e-02 -1.001254508e-01
 8.495391724e-02 -9.865324079e-02
 8.584763951e-02 -9.803559522e-02
 8.745391724e-02 -9.689170007e-02
 8.912692604e-02 -9.551959179e-02
 8.995391724e-02 -9.481723353e-02
 9.184294030e-02 -9.300358836e-02
 9.245391724e-02 -9.239305526e-02
 9.416710812e-02 -9.048758492e-02
 9.495391724e-02 -8.957199982e-02
 9.620615539e-02 -8.797158149e-02
 9.745391724e-02 -8.629418103e-02
 9.802859256e-02 -8.545557806e-02
 9.966614339e-02 -8.293957462e-02
 9.995391724e-02 -8.247555626e-02
 1.011391076e-01 -8.042357119e-02
 1.024539172e-01 -7.800014436e-02
 1.025011436e-01 -7.790756776e-02
 1.037292707e-01 -7.539156433e-02
 1.048783930e-01 -7.287556089e-02
 1.049539172e-01 -7.270263909e-02
 1.059256677e-01 -7.035955746e-02
 1.069056914e-01 -6.784355403e-02
 1.074539172e-01 -6.635754093e-02
 1.078179045e-01 -6.532755059e-02
 1.086642346e-01 -6.281154716e-02
 1.094614588e-01 -6.029554373e-02
 1.099539172e-01 -5.865897524e-02
 1.102096169e-01 -5.777954029e-02
 1.109090070e-01 -5.526353686e-02
 1.115710889e-01 -5.274753343e-02
 1.121991228e-01 -5.023152999e-02
 1.124539172e-01 -4.916620538e-02
 1.127920454e-01 -4.771552656e-02
 1.133533180e-01 -4.519952313e-02
 1.138881739e-01 -4.268351970e-02
 1.143987596e-01 -4.016751626e-02
 1.148869917e-01 -3.765151283e-02
 1.149539172e-01 -3.729426328e-02
 1.153512312e-01 -3.513550940e-02
 1.157953127e-01 -3.261950596e-02
 1.162210796e-01 -3.010350253e-02
 1.166296969e-01 -2.758749910e-02
 1.170221756e-01 -2.507149566e-02
 1.173993844e-01 -2.255549223e-02
 1.174539172e-01 -2.217852358e-02
 1.177601280e-01 -2.003948880e-02
 1.181062012e-01 -1.752348537e-02
 1.184384412e-01 -1.500748193e-02
 1.187572835e-01 -1.249147850e-02
 1.190630688e-01 -9.975475066e-03
 1.193560486e-01 -7.459471633e-03
 1.196363879e-01 -4.943468200e-03
 1.199041674e-01 -2.427464767e-03
 1.199539172e-01 -1.936260158e-03
 1.201580920e-01  8.853866603e-05
 1.203987695e-01  2.604542099e-03
 1.206263176e-01  5.120545532e-03
 1.208404823e-01  7.636548965e-03
 1.210409018e-01  1.015255240e-02
 1.212270961e-01  1.266855583e-02
 1.213984527e-01  1.518455926e-02
 1.215542117e-01  1.770056270e-02
 1.216934467e-01  2.021656613e-02
 1.218150443e-01  2.273256956e-02
 1.219176804e-01  2.524857300e-02
 1.219997936e-01  2.776457643e-02
 1.220595555e-01  3.028057986e-02
 1.220948381e-01  3.279658330e-02
 1.221031770e-01  3.531258673e-02
 1.220817313e-01  3.782859016e-02
 1.220272386e-01  4.034459359e-02
 1.219359657e-01  4.286059703e-02
 1.218036534e-01  4.537660046e-02
 1.216254558e-01  4.789260389e-02
 1.213958733e-01  5.040860733e-02
 1.211086777e-01  5.292461076e-02
 1.207568301e-01  5.544061419e-02
 1.203323904e-01  5.795661763e-02
 1.199539172e-01  5.985077762e-02
 1.198215852e-01  6.047262106e-02
 1.191996750e-01  6.298862449e-02
 1.184675507e-01  6.550462793e-02
 1.176110153e-01  6.802063136e-02
 1.174539172e-01  6.842887830e-02
 1.165653084e-01  7.053663479e-02
 1.153366551e-01  7.305263822e-02
 1.149539172e-01  7.374847548e-02
 1.138299093e-01  7.556864166e-02
 1.124539172e-01  7.752546554e-02
 1.120019682e-01  7.808464509e-02
 1.099539172e-01  8.034733529e-02
 1.096826131e-01  8.060064852e-02
 1.074539172e-01  8.248705464e-02
 1.065400320e-01  8.311665196e-02
 1.049539172e-01  8.412111228e-02
 1.024539172e-01  8.535586983e-02
 1.017086846e-01  8.563265539e-02
 9.995391724e-02  8.624346543e-02
 9.745391724e-02  8.684284484e-02
 9.495391724e-02  8.719175279e-02
 9.245391724e-02  8.731554648e-02
 8.995391724e-02  8.723602221e-02
 8.745391724e-02  8.697190150e-02
 8.495391724e-02  8.653924643e-02
 8.245391724e-02  8.595181603e-02
 8.136693652e-02  8.563265539e-02
 7.995391724e-02  8.521847235e-02
 7.745391724e-02  8.435183560e-02
 7.495391724e-02  8.336415825e-02
 7.439286983e-02  8.311665196e-02
 7.245391724e-02  8.226135256e-02
 6.995391724e-02  8.105548914e-02
 6.907998883e-02  8.060064852e-02
 6.745391724e-02  7.975382780e-02
 6.495391724e-02  7.836568760e-02
 6.447429739e-02  7.808464509e-02
 6.245391724e-02  7.689946555e-02
 6.028957737e-02  7.556864166e-02
 5.995391724e-02  7.536204765e-02
 5.745391724e-02  7.376341968e-02
 5.637912042e-02  7.305263822e-02
 5.495391724e-02  7.210904434e-02
 5.264738888e-02  7.053663479e-02
 5.245391724e-02  7.040462573e-02
 4.995391724e-02  6.866084984e-02
 4.905468277e-02  6.802063136e-02
 4.745391724e-02  6.688001059e-02
 4.555815568e-02  6.550462793e-02
 4.495391724e-02  6.506604687e-02
 4.245391724e-02  6.322561609e-02
 4.213548408e-02  6.298862449e-02
 3.995391724e-02  6.136460146e-02
 3.876983019e-02  6.047262106e-02
 3.745391724e-02  5.948147456e-02
 3.545096260e-02  5.795661763e-02
 3.495391724e-02  5.757840660e-02
 3.245391724e-02  5.565991002e-02
 3.217016907e-02  5.544061419e-02
 2.995391724e-02  5.372918725e-02
 2.892182025e-02  5.292461076e-02
 2.745391724e-02  5.178157355e-02
 2.570750399e-02  5.040860733e-02
 2.495391724e-02  4.981694068e-02
 2.252697875e-02  4.789260389e-02
 2.245391724e-02  4.783475295e-02
 1.995391724e-02  4.584118318e-02
 1.937756873e-02  4.537660046e-02
 1.745391724e-02  4.382815599e-02
 1.626612179e-02  4.286059703e-02
 1.495391724e-02  4.179288156e-02
 1.319639029e-02  4.034459359e-02
 1.245391724e-02  3.973310385e-02
 1.017240995e-02  3.782859016e-02
 9.953917243e-03  3.764614871e-02
 7.453917243e-03  3.553178797e-02
 7.198379732e-03  3.531258673e-02
 4.953917243e-03  3.338434009e-02
 4.280839729e-03  3.279658330e-02
 2.453917243e-03  3.119611100e-02
 1.426607555e-03  3.028057986e-02
-4.608275731e-05  2.896104658e-02
-1.357667922e-03  2.776457643e-02
-2.546082757e-03  2.667166290e-02
-4.064814348e-03  2.524857300e-02
-5.046082757e-03  2.431856453e-02
-6.687264886e-03  2.273256956e-02
-7.546082757e-03  2.188978156e-02
-9.217221039e-03  2.021656613e-02
-1.004608276e-02  1.936984705e-02
-1.164683590e-02  1.770056270e-02
-1.254608276e-02  1.673849402e-02
-1.396839777e-02  1.518455926e-02
-1.504608276e-02  1.396877866e-02
-1.617448987e-02  1.266855583e-02
-1.754608276e-02  1.102431579e-02
-1.825810145e-02  1.015255240e-02
-2.004608276e-02  7.855098492e-03
-2.021266852e-02  7.636548965e-03
-2.203023491e-02  5.120545532e-03
-2.254608276e-02  4.356791773e-03
-2.370640436e-02  2.604542099e-03
-2.504608276e-02  4.070824084e-04
-2.523669796e-02  8.853866603e-05
-2.661326837e-02 -2.427464767e-03
-2.754608276e-02 -4.341889427e-03
-2.783448251e-02 -4.943468200e-03
-2.889299690e-02 -7.459471633e-03
-2.978691617e-02 -9.975475066e-03
-3.004608276e-02 -1.087078055e-02
-3.050984225e-02 -1.249147850e-02
-3.105745784e-02 -1.500748193e-02
-3.142539846e-02 -1.752348537e-02
-3.160811234e-02 -2.003948880e-02
-3.159956259e-02 -2.255549223e-02
-3.139318783e-02 -2.507149566e-02
-3.098187678e-02 -2.758749910e-02
-3.035795922e-02 -3.010350253e-02
-3.004608276e-02 -3.103784755e-02
-2.951017103e-02 -3.261950596e-02
-2.842996287e-02 -3.513550940e-02
-2.754608276e-02 -3.682846619e-02
-2.710687806e-02 -3.765151283e-02
-2.552724995e-02 -4.016751626e-02
-2.504608276e-02 -4.083530486e-02
-2.367708796e-02 -4.268351970e-02
-2.254608276e-02 -4.403807639e-02
-2.154582740e-02 -4.519952313e-02
-2.004608276e-02 -4.677445546e-02
-1.911934360e-02 -4.771552656e-02
-1.754608276e-02 -4.918529326e-02
-1.638594825e-02 -5.023152999e-02
-1.504608276e-02 -5.136052357e-02
-1.333975520e-02 -5.274753343e-02
-1.254608276e-02 -5.335897737e-02
-1.004608276e-02 -5.521848716e-02
-9.983536504e-03 -5.526353686e-02
-7.546082757e-03 -5.695384257e-02
-6.314810670e-03 -5.777954029e-02
-5.046082757e-03 -5.860902186e-02
-2.546082757e-03 -6.019607000e-02
-2.385202375e-03 -6.029554373e-02
-4.608275731e-05 -6.172602301e-02
 1.770274595e-03 -6.281154716e-02
 2.453917243e-03 -6.322017312e-02
 4.953917243e-03 -6.468815249e-02
 6.058981713e-03 -6.532755059e-02
 7.453917243e-03 -6.614534052e-02
 9.953917243e-03 -6.759929383e-02
 1.037732584e-02 -6.784355403e-02
 1.245391724e-02 -6.907198845e-02
 1.462401855e-02 -7.035955746e-02
 1.495391724e-02 -7.056199036e-02
 1.745391724e-02 -7.209745077e-02
 1.871009070e-02 -7.287556089e-02
 1.995391724e-02 -7.367958579e-02
 2.245391724e-02 -7.531528540e-02
 2.256994721e-02 -7.539156433e-02
 2.495391724e-02 -7.703748817e-02
 2.619827298e-02 -7.790756776e-02
 2.745391724e-02 -7.883261637e-02
 2.959377586e-02 -8.042357119e-02
 2.995391724e-02 -8.070604399e-02
 3.245391724e-02 -8.266839070e-02
 3.280062797e-02 -8.293957462e-02
 3.495391724e-02 -8.471074403e-02
 3.586890993e-02 -8.545557806e-02
 3.745391724e-02 -8.680701451e-02
 3.885015586e-02 -8.797158149e-02
 3.995391724e-02 -8.893011615e-02
 4.181244235e-02 -9.048758492e-02
 4.245391724e-02 -9.104307983e-02
 4.483724863e-02 -9.300358836e-02
 4.495391724e-02 -9.310191578e-02
 4.745391724e-02 -9.506761940e-02
 4.807962367e-02 -9.551959179e-02
 4.995391724e-02 -9.688891640e-02
 5.170487130e-02 -9.803559522e-02
 5.245391724e-02 -9.852786604e-02
 5.495391724e-02 -9.996173238e-02
 5.617061932e-02 -1.005515987e-01
 5.745391724e-02 -1.011705761e-01
 5.995391724e-02 -1.021446280e-01
 6.245391724e-02 -1.028797996e-01
 6.339728859e-02 -1.030676021e-01
 6.495391724e-02 -1.033744445e-01

 4.745391724e-02 -4.775016799e-02
 4.995391724e-02 -4.826137903e-02
 5.245391724e-02 -4.869665214e-02
 5.495391724e-02 -4.903501004e-02
 5.745391724e-02 -4.924977967e-02
 5.995391724e-02 -4.930851063e-02
 6.245391724e-02 -4.917329914e-02
 6.495391724e-02 -4.880157881e-02
 6.745391724e-02 -4.814736798e-02
 6.857131019e-02 -4.771552656e-02
 6.995391724e-02 -4.714218905e-02
 7.245391724e-02 -4.572685636e-02
 7.317874156e-02 -4.519952313e-02
 7.495391724e-02 -4.381161757e-02
 7.612323441e-02 -4.268351970e-02
 7.745391724e-02 -4.130082693e-02
 7.837027652e-02 -4.016751626e-02
 7.995391724e-02 -3.805445046e-02
 8.021432023e-02 -3.765151283e-02
 8.173013673e-02 -3.513550940e-02
 8.245391724e-02 -3.383619558e-02
 8.305259388e-02 -3.261950596e-02
 8.420068427e-02 -3.010350253e-02
 8.495391724e-02 -2.831444629e-02
 8.522914622e-02 -2.758749910e-02
 8.611042208e-02 -2.507149566e-02
 8.691972198e-02 -2.255549223e-02
 8.745391724e-02 -2.074048447e-02
 8.764244620e-02 -2.003948880e-02
 8.825930136e-02 -1.752348537e-02
 8.881728953e-02 -1.500748193e-02
 8.931744452e-02 -1.249147850e-02
 8.976039670e-02 -9.975475066e-03
 8.995391724e-02 -8.709875228e-03
 9.013116962e-02 -7.459471633e-03
 9.043351622e-02 -4.943468200e-03
 9.068162680e-02 -2.427464767e-03
 9.087397134e-02  8.853866603e-05
 9.100836851e-02  2.604542099e-03
 9.108187403e-02  5.120545532e-03
 9.109064354e-02  7.636548965e-03
 9.102976457e-02  1.015255240e-02
 9.089305020e-02  1.266855583e-02
 9.067278476e-02  1.518455926e-02
 9.035940875e-02  1.770056270e-02
 8.995391724e-02  2.014170667e-02
 8.993964897e-02  2.021656613e-02
 8.933657628e-02  2.273256956e-02
 8.857133786e-02  2.524857300e-02
 8.761429706e-02  2.776457643e-02
 8.745391724e-02  2.811941271e-02
 8.625369365e-02  3.028057986e-02
 8.495391724e-02  3.218464155e-02
 8.440790914e-02  3.279658330e-02
 8.245391724e-02  3.462676163e-02
 8.138972376e-02  3.531258673e-02
 7.995391724e-02  3.610351469e-02
 7.745391724e-02  3.692148968e-02
 7.495391724e-02  3.725837271e-02
 7.245391724e-02  3.721222887e-02
 6.995391724e-02  3.686077892e-02
 6.745391724e-02  3.626558816e-02
 6.495391724e-02  3.547525177e-02
 6.454106484e-02  3.531258673e-02
 6.245391724e-02  3.449037848e-02
 5.995391724e-02  3.337180945e-02
 5.880102713e-02  3.279658330e-02
 5.745391724e-02  3.212382412e-02
 5.495391724e-02  3.077219498e-02
 5.410595273e-02  3.028057986e-02
 5.245391724e-02  2.932052199e-02
 4.995391724e-02  2.780431345e-02
 4.989204348e-02  2.776457643e-02
 4.745391724e-02  2.619210143e-02
 4.603238624e-02  2.524857300e-02
 4.495391724e-02  2.452807420e-02
 4.245391724e-02  2.281243166e-02
 4.234157173e-02  2.273256956e-02
 3.995391724e-02  2.101929554e-02
 3.885619320e-02  2.021656613e-02
 3.745391724e-02  1.917798291e-02
 3.549410094e-02  1.770056270e-02
 3.495391724e-02  1.728644680e-02
 3.245391724e-02  1.533233191e-02
 3.226891706e-02  1.518455926e-02
 2.995391724e-02  1.329459415e-02
 2.919891196e-02  1.266855583e-02
 2.745391724e-02  1.118103656e-02
 2.626682291e-02  1.015255240e-02
 2.495391724e-02  8.974929139e-03
 2.348732841e-02  7.636548965e-03
 2.245391724e-02  6.651931839e-03
 2.087627422e-02  5.120545532e-03
 1.995391724e-02  4.176192151e-03
 1.844952762e-02  2.604542099e-03
 1.745391724e-02  1.493650193e-03
 1.622184875e-02  8.853866603e-05
 1.495391724e-02 -1.480007593e-03
 1.420588644e-02 -2.427464767e-03
 1.245391724e-02 -4.882396471e-03
 1.241141821e-02 -4.943468200e-03
 1.088706031e-02 -7.459471633e-03
 9.953917243e-03 -9.275001803e-03
 9.604190331e-03 -9.975475066e-03
 8.613969004e-03 -1.249147850e-02
 7.903832673e-03 -1.500748193e-02
 7.504759734e-03 -1.752348537e-02
 7.453917243e-03 -1.977303567e-02
 7.448116197e-03 -2.003948880e-02
 7.453917243e-03 -2.008950056e-02
 7.762208300e-03 -2.255549223e-02
 8.473546228e-03 -2.507149566e-02
 9.601163576e-03 -2.758749910e-02
 9.953917243e-03 -2.816478187e-02
 1.124061529e-02 -3.010350253e-02
 1.245391724e-02 -3.154990486e-02
 1.343228132e-02 -3.261950596e-02
 1.495391724e-02 -3.401397343e-02
 1.628976641e-02 -3.513550940e-02
 1.745391724e-02 -3.598938462e-02
 1.992070014e-02 -3.765151283e-02
 1.995391724e-02 -3.767169986e-02
 2.245391724e-02 -3.907021950e-02
 2.457687145e-02 -4.016751626e-02
 2.495391724e-02 -4.034885668e-02
 2.745391724e-02 -4.145824834e-02
 2.995391724e-02 -4.249441341e-02
 3.044902212e-02 -4.268351970e-02
 3.245391724e-02 -4.341860921e-02
 3.495391724e-02 -4.427875416e-02
 3.745391724e-02 -4.509029450e-02
 3.781985343e-02 -4.519952313e-02
 3.995391724e-02 -4.582671838e-02
 4.245391724e-02 -4.651595831e-02
 4.495391724e-02 -4.715973510e-02
 4.730761314e-02 -4.771552656e-02
 4.745391724e-02 -4.775016799e-02

 4.495391724e-02 -1.630141328e-02
 4.745391724e-02 -1.709264849e-02
 4.995391724e-02 -1.710745315e-02
 5.245391724e-02 -1.649447656e-02
 5.495391724e-02 -1.533161564e-02
 5.542371030e-02 -1.500748193e-02
 5.745391724e-02 -1.313350459e-02
 5.798771658e-02 -1.249147850e-02
 5.940163560e-02 -9.975475066e-03
 5.995391724e-02 -8.064682416e-03
 6.009464624e-02 -7.459471633e-03
 6.000146758e-02 -4.943468200e-03
 5.995391724e-02 -4.804771862e-03
 5.851297049e-02 -2.427464767e-03
 5.745391724e-02 -1.664765539e-03
 5.495391724e-02 -1.116691508e-03
 5.245391724e-02 -1.444688175e-03
 4.995391724e-02 -2.305875498e-03
 4.972684389e-02 -2.427464767e-03
 4.745391724e-02 -3.887089444e-03
 4.608855071e-02 -4.943468200e-03
 4.495391724e-02 -6.078784055e-03
 4.377738910e-02 -7.459471633e-03
 4.245391724e-02 -9.780752531e-03
 4.235759623e-02 -9.975475066e-03
 4.204764361e-02 -1.249147850e-02
 4.245391724e-02 -1.373737203e-02
 4.313659469e-02 -1.500748193e-02
 4.495391724e-02 -1.630141328e-02


