 0.000000000e+00  0.000000000e+00
 1.480704102e-02  1.550617396e-04
 2.960757366e-02  6.201798180e-04
 4.439508710e-02  1.395150079e-03
 5.916307900e-02  2.479628323e-03
 7.390505577e-02  3.873132981e-03
 8.861453599e-02  5.575049271e-03
 1.032850528e-01  7.584612920e-03
 1.179101555e-01  9.900929264e-03
 1.324834180e-01  1.252296765e-02
 1.469984309e-01  1.544956043e-02
 1.614488176e-01  1.867940552e-02
 1.758282282e-01  2.221106545e-02
 1.901303404e-01  2.604296773e-02
 2.043488768e-01  3.017340853e-02
 2.184775874e-01  3.460054889e-02
 2.325102692e-01  3.932241973e-02
 2.464407621e-01  4.433692075e-02
 2.602629460e-01  4.964181993e-02
 2.739707597e-01  5.523475977e-02
 2.875581844e-01  6.111325151e-02
 3.010192601e-01  6.727468169e-02
 3.143480852e-01  7.371631160e-02
 3.275388105e-01  8.043527550e-02
 3.405856593e-01  8.742858937e-02
 3.534829109e-01  9.469314357e-02
 3.662249154e-01  1.022257102e-01
 3.788060956e-01  1.100229440e-01
 3.912209389e-01  1.180813785e-01
 4.034640170e-01  1.263974375e-01
 4.155299718e-01  1.349674264e-01
 4.274135264e-01  1.437875401e-01
 4.391094897e-01  1.528538652e-01
 4.506127474e-01  1.621623745e-01
 4.619182800e-01  1.717089406e-01
 4.730211511e-01  1.814893268e-01
 4.839165155e-01  1.914991937e-01
 4.945996259e-01  2.017341053e-01
 5.050658225e-01  2.121895199e-01
 5.153105502e-01  2.228608059e-01
 5.253293487e-01  2.337432330e-01
 5.351178579e-01  2.448319776e-01
 5.446718263e-01  2.561221314e-01
 5.539870999e-01  2.676086901e-01
 5.630596378e-01  2.792865709e-01
 5.718855044e-01  2.911506040e-01
 5.804608727e-01  3.031955363e-01
 5.887820329e-01  3.154160431e-01
 5.968453822e-01  3.278067146e-01
 6.046474376e-01  3.403620744e-01
 6.121848309e-01  3.530765719e-01
 6.194543094e-01  3.659445842e-01
 6.264527449e-01  3.789604304e-01
 6.331771244e-01  3.921183567e-01
 6.396245602e-01  4.054125547e-01
 6.457922872e-01  4.188371559e-01
 6.516776620e-01  4.323862310e-01
 6.572781710e-01  4.460538072e-01
 6.625914226e-01  4.598338511e-01
 6.676151553e-01  4.737202877e-01
 6.723472356e-01  4.877069967e-01
 6.767856570e-01  5.017878092e-01
 6.809285466e-01  5.159565267e-01
 6.847741590e-01  5.302069046e-01
 6.883208818e-01  5.445326691e-01
 6.915672351e-01  5.589275161e-01
 6.945118696e-01  5.733851062e-01
 6.971535717e-01  5.878990844e-01
 6.994912596e-01  6.024630644e-01
 7.015239859e-01  6.170706430e-01
 7.032509384e-01  6.317154029e-01
 7.046714379e-01  6.463909042e-01
 7.057849416e-01  6.610907061e-01
 7.065910408e-01  6.758083508e-01
 7.070894620e-01  6.905373771e-01
 7.072800670e-01  7.052713249e-01
 7.071628525e-01  7.200037252e-01
 7.067379502e-01  7.347281218e-01
 7.060056268e-01  7.494380571e-01
 7.049662835e-01  7.641270823e-01
 7.036204558e-01  7.787887657e-01
 7.019688139e-01  7.934166800e-01
 7.000121605e-01  8.080044245e-01
 6.977514328e-01  8.225456120e-01
 6.951877003e-01  8.370338769e-01
 6.923221639e-01  8.514628858e-01
 6.891561579e-01  8.658263232e-01
 6.856911457e-01  8.801179132e-01
 6.819287219e-01  8.943314089e-01
 6.778706111e-01  9.084605966e-01
 6.735186644e-01  9.224993100e-01
 6.688748635e-01  9.364414138e-01
 6.639413146e-01  9.502808247e-01
 6.587202503e-01  9.640115032e-01
 6.532140297e-01  9.776274552e-01
 6.474251320e-01  9.911227471e-01
 6.413561630e-01  1.004491490e+00
 6.350098466e-01  1.017727859e+00
 6.283890278e-01  1.030826087e+00
 6.214966725e-01  1.043780462e+00
 6.143358593e-01  1.056585349e+00
 6.069097880e-01  1.069235168e+00
 5.992217696e-01  1.081724413e+00
 5.912752284e-01  1.094047651e+00
 5.830737035e-01  1.106199516e+00
 5.746208384e-01  1.118174728e+00
 5.659203904e-01  1.129968075e+00
 5.569762203e-01  1.141574432e+00
 5.477922936e-01  1.152988755e+00
 5.383726827e-01  1.164206082e+00
 5.287215555e-01  1.175221542e+00
 5.188431848e-01  1.186030350e+00
 5.087419387e-01  1.196627812e+00
 4.984222793e-01  1.207009329e+00
 4.878887678e-01  1.217170392e+00
 4.771460504e-01  1.227106595e+00
 4.661988681e-01  1.236813625e+00
 4.550520486e-01  1.246287272e+00
 4.437105017e-01  1.255523429e+00
 4.321792272e-01  1.264518088e+00
 4.204632988e-01  1.273267353e+00
 4.085678744e-01  1.281767431e+00
 3.964981882e-01  1.290014637e+00
 3.842595444e-01  1.298005399e+00
 3.718573273e-01  1.305736254e+00
 3.592969831e-01  1.313203856e+00
 3.465840302e-01  1.320404968e+00
 3.337240533e-01  1.327336472e+00
 3.207226936e-01  1.333995370e+00
 3.075856614e-01  1.340378775e+00
 2.943187170e-01  1.346483928e+00
 2.809276800e-01  1.352308184e+00
 2.674184252e-01  1.357849022e+00
 2.537968704e-01  1.363104047e+00
 2.400689906e-01  1.368070983e+00
 2.262407984e-01  1.372747682e+00
 2.123183523e-01  1.377132122e+00
 1.983077543e-01  1.381222403e+00
 1.842151355e-01  1.385016758e+00
 1.700466715e-01  1.388513545e+00
 1.558085634e-01  1.391711252e+00
 1.415070435e-01  1.394608496e+00
 1.271483761e-01  1.397204021e+00
 1.127388403e-01  1.399496708e+00
 9.828474641e-02  1.401485563e+00
 8.379241796e-02  1.403169725e+00
 6.926819493e-02  1.404548467e+00
 5.471843681e-02  1.405621190e+00
 4.014950416e-02  1.406387430e+00
 2.556777496e-02  1.406846855e+00
 1.097962783e-02  1.406999265e+00
-3.608557036e-03  1.406844593e+00
-1.819039244e-02  1.406382905e+00
-3.275950390e-02  1.405614399e+00
-4.730951374e-02  1.404539405e+00
-6.183405584e-02  1.403158387e+00
-7.632677761e-02  1.401471941e+00
-9.078133207e-02  1.399480793e+00
-1.051913985e-01  1.397185804e+00
-1.195506673e-01  1.394587963e+00
-1.338528525e-01  1.391688393e+00
-1.480916967e-01  1.388488344e+00
-1.622609606e-01  1.384989199e+00
-1.763544444e-01  1.381192470e+00
-1.903659738e-01  1.377099796e+00
-2.042894099e-01  1.372712946e+00
-2.181186568e-01  1.368033814e+00
-2.318476497e-01  1.363064424e+00
-2.454703757e-01  1.357806923e+00
-2.589808615e-01  1.352263584e+00
-2.723731809e-01  1.346436804e+00
-2.856414646e-01  1.340329101e+00
-2.987798870e-01  1.333943119e+00
-3.117826863e-01  1.327281619e+00
-3.246441541e-01  1.320347482e+00
-3.373586405e-01  1.313143710e+00
-3.499205655e-01  1.305673420e+00
-3.623244054e-01  1.297939846e+00
-3.745647110e-01  1.289946335e+00
-3.866361005e-01  1.281696349e+00
-3.985332608e-01  1.273193463e+00
-4.102509614e-01  1.264441356e+00
-4.217840397e-01  1.255443825e+00
-4.331274185e-01  1.246204765e+00
-4.442761000e-01  1.236728182e+00
-4.552251662e-01  1.227018187e+00
-4.659697920e-01  1.217078987e+00
-4.765052324e-01  1.206914895e+00
-4.868268369e-01  1.196530321e+00
-4.969300465e-01  1.185929769e+00
-5.068103913e-01  1.175117844e+00
-5.164635048e-01  1.164099235e+00
-5.258851112e-01  1.152878731e+00
-5.350710376e-01  1.141461204e+00
-5.440172136e-01  1.129851614e+00
-5.527196670e-01  1.118055009e+00
-5.611745374e-01  1.106076513e+00
-5.693780655e-01  1.093921337e+00
-5.773266024e-01  1.081594768e+00
-5.850166110e-01  1.069102166e+00
-5.924446611e-01  1.056448971e+00
-5.996074414e-01  1.043640688e+00
-6.065017507e-01  1.030682894e+00
-6.131245052e-01  1.017581235e+00
-6.194727407e-01  1.004341414e+00
-6.255436074e-01  9.909692069e-01
-6.313343805e-01  9.774704374e-01
-6.368424532e-01  9.638509936e-01
-6.420653417e-01  9.501168173e-01
-6.470006884e-01  9.362738967e-01
-6.516462566e-01  9.223282781e-01
-6.559999391e-01  9.082860454e-01
-6.600597537e-01  8.941533322e-01
-6.638238453e-01  8.799363140e-01
-6.672904904e-01  8.656411986e-01
-6.704580913e-01  8.512742392e-01
-6.733251837e-01  8.368417138e-01
-6.758904328e-01  8.223499352e-01
-6.781526350e-01  8.078052465e-01
-6.801107211e-01  7.932140080e-01
-6.817637523e-01  7.785826122e-01
-6.831109247e-01  7.639174631e-01
-6.841515678e-01  7.492249846e-01
-6.848851447e-01  7.345116186e-01
-6.853112541e-01  7.197838086e-01
-6.854296282e-01  7.050480169e-01
-6.852401350e-01  6.903107041e-01
-6.847427773e-01  6.755783351e-01
-6.839376929e-01  6.608573798e-01
-6.828251552e-01  6.461542950e-01
-6.814055723e-01  6.314755420e-01
-6.796794875e-01  6.168275671e-01
-6.776475792e-01  6.022168053e-01
-6.753106604e-01  5.876496834e-01
-6.726696782e-01  5.731326007e-01
-6.697257144e-01  5.586719461e-01
-6.664799839e-01  5.442740807e-01
-6.629338349e-01  5.299453385e-01
-6.590887491e-01  5.156920321e-01
-6.549463388e-01  5.015204327e-01
-6.505083494e-01  4.874367859e-01
-6.457766564e-01  4.734472970e-01
-6.407532646e-01  4.595581287e-01
-6.354403102e-01  4.457754093e-01
-6.298400550e-01  4.321052119e-01
-6.239548904e-01  4.185535693e-01
-6.177873337e-01  4.051264617e-01
-6.113400263e-01  3.918298119e-01
-6.046157367e-01  3.786694951e-01
-5.976173531e-01  3.656513184e-01
-5.903478881e-01  3.527810341e-01
-5.828104751e-01  3.400643305e-01
-5.750083638e-01  3.275068235e-01
-5.669449264e-01  3.151140695e-01
-5.586236472e-01  3.028915441e-01
-5.500481279e-01  2.908446545e-01
-5.412220846e-01  2.789787323e-01
-5.321493410e-01  2.672990240e-01
-5.228338368e-01  2.558107036e-01
-5.132796149e-01  2.445188537e-01
-5.034908275e-01  2.334284749e-01
-4.934717334e-01  2.225444820e-01
-4.832266890e-01  2.118716921e-01
-4.727601586e-01  2.014148384e-01
-4.620767001e-01  1.911785527e-01
-4.511809708e-01  1.811673722e-01
-4.400777259e-01  1.713857384e-01
-4.287718067e-01  1.618379847e-01
-4.172681533e-01  1.525283493e-01
-4.055717888e-01  1.434609601e-01
-3.936878242e-01  1.346398394e-01
-3.816214587e-01  1.260689045e-01
-3.693779656e-01  1.177519556e-01
-3.569627058e-01  1.096926873e-01
-3.443811122e-01  1.018946763e-01
-3.316386931e-01  9.436138399e-02
-3.187410339e-01  8.709615839e-02
-3.056937812e-01  8.010222288e-02
-2.925026573e-01  7.338268604e-02
-2.791734449e-01  6.694053231e-02
-2.657119875e-01  6.077862237e-02
-2.521241948e-01  5.489969635e-02
-2.384160238e-01  4.930636379e-02
-2.245934942e-01  4.400111157e-02
-2.106626735e-01  3.898629723e-02
-1.966296755e-01  3.426414794e-02
-1.825006677e-01  2.983676428e-02
-1.682818512e-01  2.570611185e-02
-1.539794748e-01  2.187402717e-02
-1.395998234e-01  1.834221352e-02
-1.251492122e-01  1.511223906e-02
-1.106339976e-01  1.218554062e-02
-9.606055757e-02  9.563418026e-03
-8.143529690e-02  7.247035722e-03
-6.676464524e-02  5.237422068e-03
-5.205505264e-02  3.535468659e-03
-3.731298641e-02  2.141931558e-03
-2.254492857e-02  1.057428757e-03
-7.757373003e-03  2.824400006e-04
 7.043177682e-03 -1.826928713e-04
 2.185021537e-02 -3.377639066e-04

 0.000000000e+00  0.000000000e+00
 2.085487816e-02  4.371613914e-04
 4.164218384e-02  1.747885561e-03
 6.232538260e-02  3.929884904e-03
 8.286808886e-02  6.979347780e-03
 1.032341310e-01  1.089089303e-02
 1.233876101e-01  1.565761986e-02
 1.432929574e-01  2.127113000e-02
 1.629150183e-01  2.772153554e-02
 1.822190835e-01  3.499746962e-02
 2.011709820e-01  4.308611399e-02
 2.197371304e-01  5.197322151e-02
 2.378845751e-01  6.164313308e-02
 2.555810837e-01  7.207881938e-02
 2.727951783e-01  8.326190313e-02
 2.894961891e-01  9.517268757e-02
 3.056543333e-01  1.077902076e-01
 3.212407409e-01  1.210922515e-01
 3.362275163e-01  1.350554051e-01
 3.505877986e-01  1.496551050e-01
 3.642957852e-01  1.648656619e-01
 3.773267985e-01  1.806603237e-01
 3.896573242e-01  1.970113221e-01
 4.012650391e-01  2.138899040e-01
 4.121288723e-01  2.312664096e-01
 4.222290283e-01  2.491103093e-01
 4.315470178e-01  2.673902500e-01
 4.400657076e-01  2.860741376e-01
 4.477693329e-01  3.051291685e-01
 4.546435313e-01  3.245218936e-01
 4.606753740e-01  3.442182949e-01
 4.658533759e-01  3.641838176e-01
 4.701675257e-01  3.843834513e-01
 4.736093006e-01  4.047817940e-01
 4.761716757e-01  4.253430895e-01
 4.778491445e-01  4.460313230e-01
 4.786377224e-01  4.668102676e-01
 4.785349540e-01  4.876435360e-01
 4.775399199e-01  5.084946764e-01
 4.756532349e-01  5.293272093e-01
 4.728770487e-01  5.501046937e-01
 4.692150403e-01  5.707908141e-01
 4.646724125e-01  5.913494124e-01
 4.592558829e-01  6.117445701e-01
 4.529736686e-01  6.319406770e-01
 4.458354776e-01  6.519024652e-01
 4.378524860e-01  6.715951030e-01
 4.290373188e-01  6.909842411e-01
 4.194040353e-01  7.100360582e-01
 4.089680921e-01  7.287173513e-01
 3.977463247e-01  7.469955684e-01
 3.857569204e-01  7.648388654e-01
 3.730193741e-01  7.822161834e-01
 3.595544685e-01  7.990972749e-01
 3.453842325e-01  8.154527705e-01
 3.305318948e-01  8.312542364e-01
 3.150218619e-01  8.464742004e-01
 2.988796583e-01  8.610862235e-01
 2.821318867e-01  8.750649363e-01
 2.648061962e-01  8.883860703e-01
 2.469312100e-01  9.010265238e-01
 2.285364931e-01  9.129643835e-01
 2.096525054e-01  9.241789622e-01
 1.903105268e-01  9.346508491e-01
 1.705426273e-01  9.443619261e-01
 1.503816039e-01  9.532954059e-01
 1.298609104e-01  9.614358666e-01
 1.090146272e-01  9.687692642e-01
 8.787737914e-02  9.752829692e-01
 6.648428002e-02  9.809657842e-01
 4.487089295e-02  9.858079564e-01
 2.307313816e-02  9.898012047e-01
 1.127260454e-03  9.929387232e-01
-2.093026273e-02  9.952152049e-01
-4.306275893e-02  9.966268442e-01
-6.523343338e-02  9.971713343e-01
-8.740542924e-02  9.968478893e-01
-1.095418927e-01  9.956572271e-01
-1.316060354e-01  9.936015804e-01
-1.535611965e-01  9.906846939e-01
-1.753709065e-01  9.869117987e-01
-1.969989494e-01  9.822896332e-01
-2.184094235e-01  9.768264021e-01
-2.395668042e-01  9.705317799e-01
-2.604360045e-01  9.634168953e-01
-2.809824325e-01  9.554942918e-01
-3.011720559e-01  9.467779366e-01
-3.209714533e-01  9.372831671e-01
-3.403478770e-01  9.270266830e-01
-3.592693082e-01  9.160265165e-01
-3.777045055e-01  9.043019842e-01
-3.956230705e-01  8.918736811e-01
-4.129954860e-01  8.787634184e-01
-4.297931767e-01  8.649942028e-01
-4.459885569e-01  8.505901960e-01
-4.615550683e-01  8.355766574e-01
-4.764672428e-01  8.199799258e-01
-4.907007272e-01  8.038273489e-01
-5.042323391e-01  7.871472526e-01
-5.170401038e-01  7.699688896e-01
-5.291032815e-01  7.523223773e-01
-5.404024240e-01  7.342386656e-01
-5.509193838e-01  7.157494631e-01
-5.606373647e-01  6.968871962e-01
-5.695409449e-01  6.776849499e-01
-5.776160929e-01  6.581764025e-01
-5.848502155e-01  6.383957819e-01
-5.912321513e-01  6.183777906e-01
-5.967522131e-01  5.981575569e-01
-6.014021965e-01  5.777705701e-01
-6.051753842e-01  5.572526146e-01
-6.080665820e-01  5.366397164e-01
-6.100720983e-01  5.159680712e-01
-6.111897754e-01  4.952739876e-01
-6.114189835e-01  4.745938217e-01
-6.107606130e-01  4.539639116e-01
-6.092170974e-01  4.334205177e-01
-6.067923785e-01  4.129997557e-01
-6.034919260e-01  3.927375351e-01
-5.993227169e-01  3.726694958e-01
-5.942932155e-01  3.528309457e-01
-5.884133829e-01  3.332567970e-01
-5.816946284e-01  3.139815081e-01
-5.741498175e-01  2.950390185e-01
-5.657932359e-01  2.764626920e-01
-5.566405597e-01  2.582852582e-01
-5.467088497e-01  2.405387490e-01
-5.360164913e-01  2.232544515e-01
-5.245831905e-01  2.064628421e-01
-5.124299242e-01  1.901935388e-01
-4.995789013e-01  1.744752494e-01
-4.860535418e-01  1.593357109e-01
-4.718784087e-01  1.448016560e-01
-4.570791906e-01  1.308987482e-01
-4.416826418e-01  1.176515473e-01
-4.257165348e-01  1.050834645e-01
-4.092096255e-01  9.321670927e-02
-3.921915802e-01  8.207226971e-02
-3.746929450e-01  7.166985279e-02
-3.567450787e-01  6.202786357e-02
-3.383800981e-01  5.316337049e-02
-3.196308319e-01  4.509206098e-02
-3.005307446e-01  3.782823803e-02
-2.811138950e-01  3.138476684e-02
-2.614148647e-01  2.577307043e-02
-2.414686982e-01  2.100310523e-02
-2.213108477e-01  1.708332882e-02
-2.009770981e-01  1.402071222e-02
-1.805035147e-01  1.182069580e-02
-1.599263726e-01  1.048720166e-02
-1.392820925e-01  1.002262040e-02
-1.186071799e-01  1.042779300e-02
-9.793815439e-02  1.170203802e-02
-7.731148900e-02  1.384311903e-02
-5.676354347e-02  1.684727334e-02
-3.633049905e-02  2.070921050e-02
-1.604829480e-02  2.542210937e-02
 4.047435870e-03  3.097765898e-02
 2.392143116e-02  3.736603903e-02
 4.353886020e-02  4.457596376e-02
 6.286538730e-02  5.259469225e-02
 8.186723459e-02  6.140804096e-02
 1.005112355e-01  7.100043612e-02
 1.187649036e-01  8.135490865e-02
 1.365964807e-01  9.245315077e-02
 1.539749982e-01  1.042755379e-01
 1.708703348e-01  1.168011558e-01
 1.872532583e-01  1.300078625e-01
 2.030954938e-01  1.438722974e-01
 2.183697580e-01  1.583699482e-01
 2.330498155e-01  1.734751833e-01
 2.471105286e-01  1.891612925e-01
 2.605278854e-01  2.054005548e-01
 2.732790642e-01  2.221642625e-01
 2.853424524e-01  2.394227936e-01
 2.966976962e-01  2.571456550e-01
 3.073257382e-01  2.753015334e-01
 3.172088322e-01  2.938583662e-01
 3.263306010e-01  3.127833796e-01
 3.346760379e-01  3.320431632e-01
 3.422315482e-01  3.516037213e-01
 3.489849733e-01  3.714305319e-01
 3.549255917e-01  3.914886183e-01
 3.600441663e-01  4.117425977e-01
 3.643329304e-01  4.321567553e-01
 3.677856182e-01  4.526951020e-01
 3.703974747e-01  4.733214379e-01
 3.721652425e-01  4.939994209e-01
 3.730871977e-01  5.146926250e-01
 3.731631203e-01  5.353646092e-01
 3.723943128e-01  5.559789798e-01
 3.707835953e-01  5.764994542e-01
 3.683352798e-01  5.968899252e-01
 3.650551924e-01  6.171145254e-01
 3.609506295e-01  6.371376871e-01
 3.560303648e-01  6.569242082e-01
 3.503046291e-01  6.764393118e-01
 3.437850742e-01  6.956487047e-01
 3.364847798e-01  7.145186437e-01
 3.284181983e-01  7.330159853e-01
 3.196011501e-01  7.511082512e-01
 3.100507886e-01  7.687636818e-01
 2.997855559e-01  7.859512864e-01
 2.888251742e-01  8.026409083e-01
 2.771905825e-01  8.188032622e-01
 2.649039185e-01  8.344099972e-01
 2.519884734e-01  8.494337411e-01
 2.384686390e-01  8.638481406e-01
 2.243698856e-01  8.776279231e-01
 2.097186924e-01  8.907489192e-01
 1.945425184e-01  9.031881216e-01
 1.788697473e-01  9.149237177e-01
 1.627296298e-01  9.259351193e-01
 1.461522483e-01  9.362030170e-01
 1.291684443e-01  9.457093887e-01
 1.118097792e-01  9.544375511e-01
 9.410847294e-02  9.623721790e-01
 7.609734204e-02  9.694993246e-01
 5.780975434e-02  9.758064615e-01
 3.927955611e-02  9.812824788e-01
 2.054102373e-02  9.859177241e-01
 1.628799104e-03  9.897040079e-01
-1.742217353e-02  9.926346123e-01
-3.657670166e-02  9.947043228e-01
-5.579941428e-02  9.959094083e-01
-7.505481752e-02  9.962476539e-01
-9.430735908e-02  9.957183505e-01
-1.135214914e-01  9.943222922e-01
-1.326617313e-01  9.920617954e-01
-1.516927237e-01  9.889406645e-01
-1.705793031e-01  9.849642142e-01
-1.892865547e-01  9.801392443e-01
-2.077798750e-01  9.744740262e-01
-2.260250345e-01  9.679783078e-01
-2.439882335e-01  9.606632675e-01
-2.616361664e-01  9.525415241e-01
-2.789360759e-01  9.436270981e-01
-2.958558113e-01  9.339353880e-01
-3.123638893e-01  9.234831605e-01
-3.284295402e-01  9.122884948e-01
-3.440227729e-01  9.003707797e-01
-3.591144200e-01  8.877506627e-01
-3.736761906e-01  8.744500171e-01
-3.876807272e-01  8.604919180e-01
-4.011016403e-01  8.459005790e-01
-4.139135720e-01  8.307013361e-01
-4.260922284e-01  8.149205874e-01
-4.376144266e-01  7.985857514e-01
-4.484581443e-01  7.817252305e-01
-4.586025415e-01  7.643683419e-01
-4.680280196e-01  7.465452893e-01
-4.767162402e-01  7.282870957e-01
-4.846501641e-01  7.096255539e-01
-4.918140912e-01  6.905931796e-01
-4.981936683e-01  6.712231390e-01
-5.037759413e-01  6.515492093e-01
-5.085493594e-01  6.316057075e-01
-5.125038041e-01  6.114274350e-01
-5.156306180e-01  5.910496221e-01
-5.179225972e-01  5.705078556e-01
-5.193740360e-01  5.498380289e-01
-5.199807139e-01  5.290762713e-01
-5.197399153e-01  5.082588873e-01
-5.186504438e-01  4.874222960e-01
-5.167126013e-01  4.666029611e-01
-5.139282214e-01  4.458373334e-01
-5.103006407e-01  4.251617826e-01
-5.058347071e-01  4.046125348e-01
-5.005367803e-01  3.842256091e-01
-4.944146966e-01  3.640367533e-01
-4.874777904e-01  3.440813804e-01
-4.797368505e-01  3.243945080e-01
-4.712041169e-01  3.050106939e-01
-4.618932660e-01  2.859639751e-01
-4.518193645e-01  2.672878110e-01
-4.409988760e-01  2.490150169e-01
-4.294496049e-01  2.311777136e-01
-4.171906816e-01  2.138072650e-01
-4.042425333e-01  1.969342207e-01
-3.906268275e-01  1.805882708e-01
-3.763664651e-01  1.647981785e-01
-3.614855131e-01  1.495917430e-01
-3.460091792e-01  1.349957406e-01
-3.299637686e-01  1.210358760e-01
-3.133766212e-01  1.077367483e-01
-2.962760892e-01  9.512178709e-02
-2.786914640e-01  8.321323107e-02
-2.606529388e-01  7.203207390e-02
-2.421915555e-01  6.159802744e-02
-2.233391366e-01  5.192950062e-02
-2.041282498e-01  4.304354169e-02
-1.845921310e-01  3.495583365e-02
-1.647646375e-01  2.768064764e-02
-1.446801871e-01  2.123081995e-02
-1.243736880e-01  1.561774427e-02
-1.038804914e-01  1.085132341e-02
-8.323631488e-02  6.939981610e-03
-6.247718782e-02  3.890627429e-03
-4.163938601e-02  1.708646058e-03
-2.075936202e-02  3.979049502e-04
 1.263116004e-04 -3.928250093e-05

 0.000000000e+00  0.000000000e+00
 3.287009672e-02  1.724877953e-03
 6.530837209e-02  6.882342186e-03
 9.695890369e-02  1.541851843e-02
 1.274742030e-01  2.724195361e-02
 1.565189536e-01  4.222509575e-02
 1.837736792e-01  6.020551623e-02
 2.089381909e-01  8.098767976e-02
 2.317348166e-01  1.043450995e-01
 2.519113795e-01  1.300228515e-01
 2.692438902e-01  1.577404111e-01
 2.835389502e-01  1.871947967e-01
 2.946358233e-01  2.180639715e-01
 3.024081645e-01  2.500104617e-01
 3.067653872e-01  2.826851492e-01
 3.076536582e-01  3.157311896e-01
 3.050565076e-01  3.487880167e-01
 2.989950455e-01  3.814953559e-01
 2.895277876e-01  4.134972253e-01
 2.767500836e-01  4.444458739e-01
 2.607931535e-01  4.740056031e-01
 2.418227358e-01  5.018564316e-01
 2.200373602e-01  5.276975638e-01
 1.956662573e-01  5.512506260e-01
 1.689669194e-01  5.722626418e-01
 1.402223564e-01  5.905086954e-01
 1.097380489e-01  6.057942949e-01
 7.783863999e-02  6.179573930e-01
 4.486440197e-02  6.268700535e-01
 1.116751592e-02  6.324397520e-01
-2.289179431e-02  6.346103001e-01
-5.694923338e-02  6.333623914e-01
-9.064045686e-02  6.287137603e-01
-1.236050846e-01  6.207189631e-01
-1.554906912e-01  6.094687795e-01
-1.859567005e-01  5.950892435e-01
-2.146781439e-01  5.777403082e-01
-2.413492370e-01  5.576141603e-01
-2.656867345e-01  5.349331954e-01
-2.874330282e-01  5.099476661e-01
-3.063589357e-01  4.829330383e-01
-3.222661683e-01  4.541870691e-01
-3.349894519e-01  4.240266251e-01
-3.443982723e-01  3.927842805e-01
-3.503982315e-01  3.608047239e-01
-3.529320035e-01  3.284410104e-01
-3.519798853e-01  2.960506946e-01
-3.475599365e-01  2.639918834e-01
-3.397277147e-01  2.326192815e-01
-3.285756149e-01  2.022802305e-01
-3.142318180e-01  1.733108150e-01
-2.968588646e-01  1.460320782e-01
-2.766518697e-01  1.207463931e-01
-2.538363993e-01  9.773403582e-02
-2.286660252e-01  7.725000109e-02
-2.014195878e-01  5.952110674e-02
-1.723982054e-01  4.474343202e-02
-1.419220337e-01  3.308009653e-02
-1.103268216e-01  2.465942705e-02
-7.796029921e-02  1.957353138e-02
-4.517842134e-02  1.787729155e-02
-1.234151373e-02  1.958778931e-02
 2.018965055e-02  2.468416815e-02
 5.205778131e-02  3.310792966e-02
 8.291298279e-02  4.476365196e-02
 1.124166114e-01  5.952012145e-02
 1.402450230e-01  7.721185918e-02
 1.660931696e-01  9.764101909e-02
 1.896780047e-01  1.205796322e-01
 2.107416545e-01  1.457721681e-01
 2.290543198e-01  1.729383884e-01
 2.444168515e-01  2.017764330e-01
 2.566629949e-01  2.319661346e-01
 2.656612607e-01  2.631725112e-01
 2.713163957e-01  2.950494022e-01
 2.735704370e-01  3.272432088e-01
 2.724033351e-01  3.593967045e-01
 2.678331383e-01  3.911528798e-01
 2.599157348e-01  4.221587827e-01
 2.487441635e-01  4.520692988e-01
 2.344474995e-01  4.805508734e-01
 2.171893319e-01  5.072851128e-01
 1.971658547e-01  5.319722359e-01
 1.746035995e-01  5.543343418e-01
 1.497568378e-01  5.741184582e-01
 1.229046833e-01  5.910993410e-01
 9.434794612e-02  6.050819857e-01
 6.440577139e-02  6.159038235e-01
 3.341209025e-02  6.234365873e-01
 1.711937407e-03  6.275878091e-01
-3.034232658e-02  6.283019349e-01
-6.239485033e-02  6.255610341e-01
-9.409014022e-02  6.193850988e-01
-1.250768972e-01  6.098319145e-01
-1.550117672e-01  5.969965096e-01
-1.835630140e-01  5.810101828e-01
-2.104140605e-01  5.620391157e-01
-2.352668657e-01  5.402825845e-01
-2.578451077e-01  5.159707913e-01
-2.778971441e-01  4.893623390e-01
-2.951987220e-01  4.607413773e-01
-3.095554119e-01  4.304144528e-01
-3.208047270e-01  3.987071232e-01
-3.288179316e-01  3.659603432e-01
-3.335014996e-01  3.325266845e-01
-3.347982082e-01  2.987664347e-01
-3.326878519e-01  2.650436173e-01
-3.271875634e-01  2.317219843e-01
-3.183517315e-01  1.991610164e-01
-3.062715111e-01  1.677119973e-01
-2.910739284e-01  1.377141954e-01
-2.729205815e-01  1.094911799e-01
-2.520059449e-01  8.334732421e-02
-2.285552951e-01  5.956453086e-02
-2.028222738e-01  3.839920757e-02
-1.750861154e-01  2.007952463e-02
-1.456485614e-01  4.802975559e-03
-1.148305208e-01 -7.265718927e-03
-8.296849145e-02 -1.599636760e-02
-5.041079028e-02 -2.129470016e-02
-1.751364422e-02 -2.310337842e-02
 1.536281277e-02 -2.140261893e-02
 4.785858623e-02 -1.621042052e-02
 7.961786370e-02 -7.582392671e-03
 1.102930046e-01  4.388817214e-03
 1.395484030e-01  1.957448718e-02
 1.670642212e-01  3.781117368e-02
 1.925399230e-01  5.890244221e-02
 2.156975726e-01  8.262096040e-02
 2.362848636e-01  1.087109348e-01
 2.540778454e-01  1.368908688e-01
 2.688833251e-01  1.668566190e-01
 2.805409117e-01  1.982847098e-01
 2.889246906e-01  2.308358662e-01
 2.939445249e-01  2.641587480e-01
 2.955469628e-01  2.978938276e-01
 2.937157511e-01  3.316773688e-01
 2.884719525e-01  3.651454624e-01
 2.798736713e-01  3.979380682e-01
 2.680153887e-01  4.297030255e-01
 2.530269252e-01  4.600999506e-01
 2.350720374e-01  4.888040090e-01
 2.143466627e-01  5.155095076e-01
 1.910768303e-01  5.399332562e-01
 1.655162587e-01  5.618176646e-01
 1.379436597e-01  5.809335358e-01
 1.086597745e-01  5.970825290e-01
 7.798416347e-02  6.100992638e-01
 4.625180456e-02  6.198530334e-01
 1.380949818e-02  6.262491351e-01
-1.898786875e-02  6.292297919e-01
-5.178116410e-02  6.287746629e-01
-8.421091847e-02  6.249009434e-01
-1.159212584e-01  6.176630587e-01
-1.465638267e-01  6.071519587e-01
-1.758016360e-01  5.934940282e-01
-2.033128033e-01  5.768496332e-01
-2.287941524e-01  5.574113146e-01
-2.519646140e-01  5.354016535e-01
-2.725683911e-01  5.110708335e-01
-2.903778470e-01  4.846939231e-01
-3.051960814e-01  4.565679063e-01
-3.168591651e-01  4.270084835e-01
-3.252379894e-01  3.963466941e-01
-3.302397266e-01  3.649253727e-01
-3.318088772e-01  3.330954721e-01
-3.299278889e-01  3.012122938e-01
-3.246173415e-01  2.696316602e-01
-3.159356982e-01  2.387060642e-01
-3.039786277e-01  2.087808329e-01
-2.888779039e-01  1.801903415e-01
-2.707999119e-01  1.532543436e-01
-2.499437679e-01  1.282744196e-01
-2.265390828e-01  1.055306037e-01
-2.008433973e-01  8.527822881e-02
-1.731393216e-01  6.774502821e-02
-1.437314116e-01  5.312852869e-02
-1.129428154e-01  4.159377033e-02
-8.111173412e-02  3.327138852e-02
-4.858774571e-02  2.825608768e-02
-1.572800368e-02  2.660551431e-02
 1.710663073e-02  2.833956029e-02
 4.955548727e-02  3.344010431e-02
 8.126197740e-02  4.185119677e-02
 1.118774387e-01  5.347968713e-02
 1.410649024e-01  6.819628982e-02
 1.685027217e-01  8.583706699e-02
 1.938880487e-01  1.062053106e-01
 2.169401237e-01  1.290738036e-01
 2.374033340e-01  1.541874249e-01
 2.550500132e-01  1.812660651e-01
 2.696829497e-01  2.100078135e-01
 2.811375778e-01  2.400923769e-01
 2.892838251e-01  2.711846930e-01
 2.940275829e-01  3.029386647e-01
 2.953117991e-01  3.350010077e-01
 2.931171660e-01  3.670151518e-01
 2.874623938e-01  3.986251507e-01
 2.784040608e-01  4.294795576e-01
 2.660360413e-01  4.592352348e-01
 2.504885119e-01  4.875610539e-01
 2.319265428e-01  5.141414495e-01
 2.105483006e-01  5.386797818e-01
 1.865828669e-01  5.609015066e-01
 1.602877041e-01  5.805571040e-01
 1.319457983e-01  5.974247419e-01
 1.018625107e-01  6.113126535e-01
 7.036218293e-02  6.220612036e-01
 3.778451493e-02  6.295446302e-01
 4.480797810e-03  6.336724319e-01
-2.918997718e-02  6.343903972e-01
-6.286509205e-02  6.316812625e-01
-9.618209825e-02  6.255649854e-01
-1.287827932e-01  6.160986256e-01
-1.603171313e-01  6.033758331e-01
-1.904470283e-01  5.875259404e-01
-2.188500208e-01  5.687126613e-01
-2.452227185e-01  5.471324155e-01
-2.692840484e-01  5.230122821e-01
-2.907782438e-01  4.966075998e-01
-3.094775485e-01  4.681992409e-01
-3.251846136e-01  4.380905820e-01
-3.377345646e-01  4.066042072e-01
-3.469967240e-01  3.740783731e-01
-3.528759696e-01  3.408632796e-01
-3.553137166e-01  3.073172093e-01
-3.542885264e-01  2.738025447e-01
-3.498163257e-01  2.406817343e-01
-3.419502386e-01  2.083132526e-01
-3.307800288e-01  1.770476023e-01
-3.164311600e-01  1.472234076e-01
-2.990634732e-01  1.191636395e-01
-2.788695015e-01  9.317203815e-02
-2.560724345e-01  6.952976130e-02
-2.309237398e-01  4.849228183e-02
-2.037004716e-01  3.028659317e-02
-1.747022860e-01  1.510874048e-02
-1.442481946e-01  3.121705656e-03
-1.126730852e-01 -5.546334158e-03
-8.032404042e-02 -1.080336005e-02
-4.755652132e-02 -1.259445734e-02
-1.473042555e-02 -1.090236278e-02
 1.779392169e-02 -5.747603538e-03
 4.965979666e-02  2.811771006e-03
 8.051807738e-02  1.468085654e-02
 1.100311654e-01  2.972895037e-02
 1.378767845e-01  4.779098609e-02
 1.637516066e-01  6.866933147e-02
 1.873746394e-01  9.213591656e-02
 2.084903722e-01  1.179346895e-01
 2.268716150e-01  1.457843662e-01
 2.423220027e-01  1.753814473e-01
 2.546781343e-01  2.064034754e-01
 2.638113249e-01  2.385124991e-01
 2.696289528e-01  2.713587176e-01
 2.720753837e-01  3.045842537e-01
 2.711324737e-01  3.378270208e-01
 2.668196511e-01  3.707246625e-01
 2.591935770e-01  4.029185054e-01
 2.483473979e-01  4.340574880e-01
 2.344096034e-01  4.638020208e-01
 2.175425083e-01  4.918277357e-01
 1.979403766e-01  5.178290872e-01
 1.758272268e-01  5.415227350e-01
 1.514543333e-01  5.626507016e-01
 1.250974526e-01  5.809832534e-01
 9.705380976e-02  5.963214661e-01
 6.763887513e-02  6.084994453e-01
 3.718296243e-02  6.173861742e-01
 6.027679990e-03  6.228869660e-01
-2.547773390e-02  6.249445018e-01
-5.698013280e-02  6.235394388e-01
-8.812624604e-02  6.186905927e-01
-1.185664672e-01  6.104546862e-01
-1.479586152e-01  5.989256683e-01
-1.759716330e-01  5.842336172e-01
-2.022891876e-01  5.665432416e-01
-2.266131392e-01  5.460519977e-01
-2.486668314e-01  5.229878522e-01
-2.681981670e-01  4.976067269e-01
-2.849824528e-01  4.701896382e-01
-2.988249612e-01  4.410395801e-01
-3.095631807e-01  4.104781825e-01
-3.170687252e-01  3.788421838e-01
-3.212488747e-01  3.464797566e-01
-3.220477262e-01  3.137467172e-01
-3.194469272e-01  2.810026870e-01
-3.134659904e-01  2.486072155e-01
-3.041621760e-01  2.169159095e-01
-2.916299369e-01  1.862766134e-01
-2.759999323e-01  1.570256738e-01
-2.574376181e-01  1.294843264e-01
-2.361414300e-01  1.039552374e-01
-2.123405761e-01  8.071923137e-02
-1.862924861e-01  6.003226150e-02
-1.582799250e-01  4.212261657e-02
-1.286078185e-01  2.718841579e-02
-9.759983051e-02  1.539541659e-02
-6.559473471e-02  6.875160042e-03
-3.294262584e-02  1.723476715e-03
-1.011066068e-06 -6.274308606e-07

